0	0
1	1
10	2
100	3
1000	4
1001	5
1002	6
1003	7
1004	8
1005	9
1006	10
1007	11
1008	12
1009	13
101	14
1010	15
1011	16
1012	17
1013	18
1014	19
1015	20
1016	21
1017	22
1018	23
1019	24
102	25
1020	26
1021	27
1022	28
1023	29
1024	30
1025	31
1026	32
1027	33
1028	34
1029	35
103	36
1030	37
1031	38
1032	39
1033	40
1034	41
1035	42
1036	43
1037	44
1038	45
1039	46
104	47
1040	48
1041	49
1042	50
1043	51
1044	52
1045	53
1046	54
1047	55
1048	56
1049	57
105	58
1050	59
1051	60
1052	61
1053	62
1054	63
1055	64
1056	65
1057	66
1058	67
1059	68
106	69
1060	70
1061	71
1062	72
1063	73
1064	74
1065	75
1066	76
1067	77
1068	78
1069	79
107	80
1070	81
1071	82
1072	83
1073	84
1074	85
1075	86
1076	87
1077	88
1078	89
1079	90
108	91
1080	92
1081	93
1082	94
1083	95
1084	96
1085	97
1086	98
1087	99
1088	100
1089	101
109	102
1090	103
1091	104
1092	105
1093	106
1094	107
1095	108
1096	109
1097	110
1098	111
1099	112
11	113
110	114
1100	115
1101	116
1102	117
1103	118
1104	119
1105	120
1106	121
1107	122
1108	123
1109	124
111	125
1110	126
1111	127
1112	128
1113	129
1114	130
1115	131
1116	132
1117	133
1118	134
1119	135
112	136
1120	137
1121	138
1122	139
1123	140
1124	141
1125	142
1126	143
1127	144
1128	145
1129	146
113	147
1130	148
1131	149
1132	150
1133	151
1134	152
1135	153
1136	154
1137	155
1138	156
1139	157
114	158
1140	159
1141	160
1142	161
1143	162
1144	163
1145	164
1146	165
1147	166
1148	167
1149	168
115	169
1150	170
1151	171
1152	172
1153	173
1154	174
1155	175
1156	176
1157	177
1158	178
1159	179
116	180
1160	181
1161	182
1162	183
1163	184
1164	185
1165	186
1166	187
1167	188
1168	189
1169	190
117	191
1170	192
1171	193
1172	194
1173	195
1174	196
1175	197
1176	198
1177	199
1178	200
1179	201
118	202
1180	203
1181	204
1182	205
1183	206
1184	207
1185	208
1186	209
1187	210
1188	211
1189	212
119	213
1190	214
1191	215
1192	216
1193	217
1194	218
1195	219
1196	220
1197	221
1198	222
1199	223
12	224
120	225
1200	226
1201	227
1202	228
1203	229
1204	230
1205	231
1206	232
1207	233
1208	234
1209	235
121	236
1210	237
1211	238
1212	239
1213	240
1214	241
1215	242
1216	243
1217	244
1218	245
1219	246
122	247
1220	248
1221	249
1222	250
1223	251
1224	252
1225	253
1226	254
1227	255
1228	256
1229	257
123	258
1230	259
1231	260
1232	261
1233	262
1234	263
1235	264
1236	265
1237	266
1238	267
1239	268
124	269
1240	270
1241	271
1242	272
1243	273
1244	274
1245	275
1246	276
1247	277
1248	278
1249	279
125	280
1250	281
1251	282
1252	283
1253	284
1254	285
1255	286
1256	287
1257	288
1258	289
1259	290
126	291
1260	292
1261	293
1262	294
1263	295
1264	296
1265	297
1266	298
1267	299
1268	300
1269	301
127	302
1270	303
1271	304
1272	305
1273	306
1274	307
1275	308
1276	309
1277	310
1278	311
1279	312
128	313
1280	314
1281	315
1282	316
1283	317
1284	318
1285	319
1286	320
1287	321
1288	322
1289	323
129	324
1290	325
1291	326
1292	327
1293	328
1294	329
1295	330
1296	331
1297	332
1298	333
1299	334
13	335
130	336
1300	337
1301	338
1302	339
1303	340
1304	341
1305	342
1306	343
1307	344
1308	345
1309	346
131	347
1310	348
1311	349
1312	350
1313	351
1314	352
1315	353
1316	354
1317	355
1318	356
1319	357
132	358
1320	359
1321	360
1322	361
1323	362
1324	363
1325	364
1326	365
1327	366
1328	367
1329	368
133	369
1330	370
1331	371
1332	372
1333	373
1334	374
1335	375
1336	376
1337	377
1338	378
1339	379
134	380
1340	381
1341	382
1342	383
1343	384
1344	385
1345	386
1346	387
1347	388
1348	389
1349	390
135	391
1350	392
1351	393
1352	394
1353	395
1354	396
1355	397
1356	398
1357	399
1358	400
1359	401
136	402
1360	403
1361	404
1362	405
1363	406
1364	407
1365	408
1366	409
1367	410
1368	411
1369	412
137	413
1370	414
1371	415
1372	416
1373	417
1374	418
1375	419
1376	420
1377	421
1378	422
1379	423
138	424
1380	425
1381	426
1382	427
1383	428
1384	429
1385	430
1386	431
1387	432
1388	433
1389	434
139	435
1390	436
1391	437
1392	438
1393	439
1394	440
1395	441
1396	442
1397	443
1398	444
1399	445
14	446
140	447
1400	448
1401	449
1402	450
1403	451
1404	452
1405	453
1406	454
1407	455
1408	456
1409	457
141	458
1410	459
1411	460
1412	461
1413	462
1414	463
1415	464
1416	465
1417	466
1418	467
1419	468
142	469
1420	470
1421	471
1422	472
1423	473
1424	474
1425	475
1426	476
1427	477
1428	478
1429	479
143	480
1430	481
1431	482
1432	483
1433	484
1434	485
1435	486
1436	487
1437	488
1438	489
1439	490
144	491
1440	492
1441	493
1442	494
1443	495
1444	496
1445	497
1446	498
1447	499
1448	500
1449	501
145	502
1450	503
1451	504
1452	505
1453	506
1454	507
1455	508
1456	509
1457	510
1458	511
1459	512
146	513
1460	514
1461	515
1462	516
1463	517
1464	518
1465	519
1466	520
1467	521
1468	522
1469	523
147	524
1470	525
1471	526
1472	527
1473	528
1474	529
1475	530
1476	531
1477	532
1478	533
1479	534
148	535
1480	536
1481	537
1482	538
1483	539
1484	540
1485	541
1486	542
1487	543
1488	544
1489	545
149	546
1490	547
1491	548
1492	549
1493	550
1494	551
1495	552
1496	553
1497	554
1498	555
1499	556
15	557
150	558
1500	559
1501	560
1502	561
1503	562
1504	563
1505	564
1506	565
1507	566
1508	567
1509	568
151	569
1510	570
1511	571
1512	572
1513	573
1514	574
1515	575
1516	576
1517	577
1518	578
1519	579
152	580
1520	581
1521	582
1522	583
1523	584
1524	585
1525	586
1526	587
1527	588
1528	589
1529	590
153	591
1530	592
1531	593
1532	594
1533	595
1534	596
1535	597
1536	598
1537	599
1538	600
1539	601
154	602
1540	603
1541	604
1542	605
1543	606
1544	607
1545	608
1546	609
1547	610
1548	611
1549	612
155	613
1550	614
1551	615
1552	616
1553	617
1554	618
1555	619
1556	620
1557	621
1558	622
1559	623
156	624
1560	625
1561	626
1562	627
1563	628
1564	629
1565	630
1566	631
1567	632
1568	633
1569	634
157	635
1570	636
1571	637
1572	638
1573	639
1574	640
1575	641
1576	642
1577	643
1578	644
1579	645
158	646
1580	647
1581	648
1582	649
1583	650
1584	651
1585	652
1586	653
1587	654
1588	655
1589	656
159	657
1590	658
1591	659
1592	660
1593	661
1594	662
1595	663
1596	664
1597	665
1598	666
1599	667
16	668
160	669
1600	670
1601	671
1602	672
1603	673
1604	674
1605	675
1606	676
1607	677
1608	678
1609	679
161	680
1610	681
1611	682
1612	683
1613	684
1614	685
1615	686
1616	687
1617	688
1618	689
1619	690
162	691
1620	692
1621	693
1622	694
1623	695
1624	696
1625	697
1626	698
1627	699
1628	700
1629	701
163	702
1630	703
1631	704
1632	705
1633	706
1634	707
1635	708
1636	709
1637	710
1638	711
1639	712
164	713
1640	714
1641	715
1642	716
1643	717
1644	718
1645	719
1646	720
1647	721
1648	722
1649	723
165	724
1650	725
1651	726
1652	727
1653	728
1654	729
1655	730
1656	731
1657	732
1658	733
1659	734
166	735
1660	736
1661	737
1662	738
1663	739
1664	740
1665	741
1666	742
1667	743
1668	744
1669	745
167	746
1670	747
1671	748
1672	749
1673	750
1674	751
1675	752
1676	753
1677	754
1678	755
1679	756
168	757
1680	758
1681	759
1682	760
1683	761
1684	762
1685	763
1686	764
1687	765
1688	766
1689	767
169	768
1690	769
1691	770
1692	771
1693	772
1694	773
1695	774
1696	775
1697	776
1698	777
1699	778
17	779
170	780
1700	781
1701	782
1702	783
1703	784
1704	785
1705	786
1706	787
1707	788
1708	789
1709	790
171	791
1710	792
1711	793
1712	794
1713	795
1714	796
1715	797
1716	798
1717	799
1718	800
1719	801
172	802
1720	803
1721	804
1722	805
1723	806
1724	807
1725	808
1726	809
1727	810
1728	811
1729	812
173	813
1730	814
1731	815
1732	816
1733	817
1734	818
1735	819
1736	820
1737	821
1738	822
1739	823
174	824
1740	825
1741	826
1742	827
1743	828
1744	829
1745	830
1746	831
1747	832
1748	833
1749	834
175	835
1750	836
1751	837
1752	838
1753	839
1754	840
1755	841
1756	842
1757	843
1758	844
1759	845
176	846
1760	847
1761	848
1762	849
1763	850
1764	851
1765	852
1766	853
1767	854
1768	855
1769	856
177	857
1770	858
1771	859
1772	860
1773	861
1774	862
1775	863
1776	864
1777	865
1778	866
1779	867
178	868
1780	869
1781	870
1782	871
1783	872
1784	873
1785	874
1786	875
1787	876
1788	877
1789	878
179	879
1790	880
1791	881
1792	882
1793	883
1794	884
1795	885
1796	886
1797	887
1798	888
1799	889
18	890
180	891
1800	892
1801	893
1802	894
1803	895
1804	896
1805	897
1806	898
1807	899
1808	900
1809	901
181	902
1810	903
1811	904
1812	905
1813	906
1814	907
1815	908
1816	909
1817	910
1818	911
1819	912
182	913
1820	914
1821	915
1822	916
1823	917
1824	918
1825	919
1826	920
1827	921
1828	922
1829	923
183	924
1830	925
1831	926
1832	927
1833	928
1834	929
1835	930
1836	931
1837	932
1838	933
1839	934
184	935
1840	936
1841	937
1842	938
1843	939
1844	940
1845	941
1846	942
1847	943
1848	944
1849	945
185	946
1850	947
1851	948
1852	949
1853	950
1854	951
1855	952
1856	953
1857	954
1858	955
1859	956
186	957
1860	958
1861	959
1862	960
1863	961
1864	962
1865	963
1866	964
1867	965
1868	966
1869	967
187	968
1870	969
1871	970
1872	971
1873	972
1874	973
1875	974
1876	975
1877	976
1878	977
1879	978
188	979
1880	980
1881	981
1882	982
1883	983
1884	984
1885	985
1886	986
1887	987
1888	988
1889	989
189	990
1890	991
1891	992
1892	993
1893	994
1894	995
1895	996
1896	997
1897	998
1898	999
1899	1000
19	1001
190	1002
1900	1003
1901	1004
1902	1005
1903	1006
1904	1007
1905	1008
1906	1009
1907	1010
1908	1011
1909	1012
191	1013
1910	1014
1911	1015
1912	1016
1913	1017
1914	1018
1915	1019
1916	1020
1917	1021
1918	1022
1919	1023
192	1024
1920	1025
1921	1026
1922	1027
1923	1028
1924	1029
1925	1030
1926	1031
1927	1032
1928	1033
1929	1034
193	1035
1930	1036
1931	1037
1932	1038
1933	1039
1934	1040
1935	1041
1936	1042
1937	1043
1938	1044
1939	1045
194	1046
1940	1047
1941	1048
1942	1049
1943	1050
1944	1051
1945	1052
1946	1053
1947	1054
1948	1055
1949	1056
195	1057
1950	1058
1951	1059
1952	1060
1953	1061
1954	1062
1955	1063
1956	1064
1957	1065
1958	1066
1959	1067
196	1068
1960	1069
1961	1070
1962	1071
1963	1072
1964	1073
1965	1074
1966	1075
1967	1076
1968	1077
1969	1078
197	1079
1970	1080
1971	1081
1972	1082
1973	1083
1974	1084
1975	1085
1976	1086
1977	1087
1978	1088
1979	1089
198	1090
1980	1091
1981	1092
1982	1093
1983	1094
1984	1095
1985	1096
1986	1097
1987	1098
1988	1099
1989	1100
199	1101
1990	1102
1991	1103
1992	1104
1993	1105
1994	1106
1995	1107
1996	1108
1997	1109
1998	1110
1999	1111
2	1112
20	1113
200	1114
2000	1115
2001	1116
2002	1117
2003	1118
2004	1119
2005	1120
2006	1121
2007	1122
2008	1123
2009	1124
201	1125
2010	1126
2011	1127
2012	1128
2013	1129
2014	1130
2015	1131
2016	1132
2017	1133
2018	1134
2019	1135
202	1136
2020	1137
2021	1138
2022	1139
2023	1140
2024	1141
2025	1142
2026	1143
2027	1144
2028	1145
2029	1146
203	1147
2030	1148
2031	1149
2032	1150
2033	1151
2034	1152
2035	1153
2036	1154
2037	1155
2038	1156
2039	1157
204	1158
2040	1159
2041	1160
2042	1161
2043	1162
2044	1163
2045	1164
2046	1165
2047	1166
2048	1167
2049	1168
205	1169
2050	1170
2051	1171
2052	1172
2053	1173
2054	1174
2055	1175
2056	1176
2057	1177
2058	1178
2059	1179
206	1180
2060	1181
2061	1182
2062	1183
2063	1184
2064	1185
2065	1186
2066	1187
2067	1188
2068	1189
2069	1190
207	1191
2070	1192
2071	1193
2072	1194
2073	1195
2074	1196
2075	1197
2076	1198
2077	1199
2078	1200
2079	1201
208	1202
2080	1203
2081	1204
2082	1205
2083	1206
2084	1207
2085	1208
2086	1209
2087	1210
2088	1211
2089	1212
209	1213
2090	1214
2091	1215
2092	1216
2093	1217
2094	1218
2095	1219
2096	1220
2097	1221
2098	1222
2099	1223
21	1224
210	1225
2100	1226
2101	1227
2102	1228
2103	1229
2104	1230
2105	1231
2106	1232
2107	1233
2108	1234
2109	1235
211	1236
2110	1237
2111	1238
2112	1239
2113	1240
2114	1241
2115	1242
2116	1243
2117	1244
2118	1245
2119	1246
212	1247
2120	1248
2121	1249
2122	1250
2123	1251
2124	1252
2125	1253
2126	1254
2127	1255
2128	1256
2129	1257
213	1258
2130	1259
2131	1260
2132	1261
2133	1262
2134	1263
2135	1264
2136	1265
2137	1266
2138	1267
2139	1268
214	1269
2140	1270
2141	1271
2142	1272
2143	1273
2144	1274
2145	1275
2146	1276
2147	1277
2148	1278
2149	1279
215	1280
2150	1281
2151	1282
2152	1283
2153	1284
2154	1285
2155	1286
2156	1287
2157	1288
2158	1289
2159	1290
216	1291
2160	1292
2161	1293
2162	1294
2163	1295
2164	1296
2165	1297
2166	1298
2167	1299
2168	1300
2169	1301
217	1302
2170	1303
2171	1304
2172	1305
2173	1306
2174	1307
2175	1308
2176	1309
2177	1310
2178	1311
2179	1312
218	1313
2180	1314
2181	1315
2182	1316
2183	1317
2184	1318
2185	1319
2186	1320
2187	1321
2188	1322
2189	1323
219	1324
2190	1325
2191	1326
2192	1327
2193	1328
2194	1329
2195	1330
2196	1331
2197	1332
2198	1333
2199	1334
22	1335
220	1336
2200	1337
2201	1338
2202	1339
2203	1340
2204	1341
2205	1342
2206	1343
2207	1344
2208	1345
2209	1346
221	1347
2210	1348
2211	1349
2212	1350
2213	1351
2214	1352
2215	1353
2216	1354
2217	1355
2218	1356
2219	1357
222	1358
2220	1359
2221	1360
2222	1361
2223	1362
2224	1363
2225	1364
2226	1365
2227	1366
2228	1367
2229	1368
223	1369
2230	1370
2231	1371
2232	1372
2233	1373
2234	1374
2235	1375
2236	1376
2237	1377
2238	1378
2239	1379
224	1380
2240	1381
2241	1382
2242	1383
2243	1384
2244	1385
2245	1386
2246	1387
2247	1388
2248	1389
2249	1390
225	1391
2250	1392
2251	1393
2252	1394
2253	1395
2254	1396
2255	1397
2256	1398
2257	1399
2258	1400
2259	1401
226	1402
2260	1403
2261	1404
2262	1405
2263	1406
2264	1407
2265	1408
2266	1409
2267	1410
2268	1411
2269	1412
227	1413
2270	1414
2271	1415
2272	1416
2273	1417
2274	1418
2275	1419
2276	1420
2277	1421
2278	1422
2279	1423
228	1424
2280	1425
2281	1426
2282	1427
2283	1428
2284	1429
2285	1430
2286	1431
2287	1432
2288	1433
2289	1434
229	1435
2290	1436
2291	1437
2292	1438
2293	1439
2294	1440
2295	1441
2296	1442
2297	1443
2298	1444
2299	1445
23	1446
230	1447
2300	1448
2301	1449
2302	1450
2303	1451
2304	1452
2305	1453
2306	1454
2307	1455
2308	1456
2309	1457
231	1458
2310	1459
2311	1460
2312	1461
2313	1462
2314	1463
2315	1464
2316	1465
2317	1466
2318	1467
2319	1468
232	1469
2320	1470
2321	1471
2322	1472
2323	1473
2324	1474
2325	1475
2326	1476
2327	1477
2328	1478
2329	1479
233	1480
2330	1481
2331	1482
2332	1483
2333	1484
2334	1485
2335	1486
2336	1487
2337	1488
2338	1489
2339	1490
234	1491
2340	1492
2341	1493
2342	1494
2343	1495
2344	1496
2345	1497
2346	1498
2347	1499
2348	1500
2349	1501
235	1502
2350	1503
2351	1504
2352	1505
2353	1506
2354	1507
2355	1508
2356	1509
2357	1510
2358	1511
2359	1512
236	1513
2360	1514
2361	1515
2362	1516
2363	1517
2364	1518
2365	1519
2366	1520
2367	1521
2368	1522
2369	1523
237	1524
2370	1525
2371	1526
2372	1527
2373	1528
2374	1529
2375	1530
2376	1531
2377	1532
2378	1533
2379	1534
238	1535
2380	1536
2381	1537
2382	1538
2383	1539
2384	1540
2385	1541
2386	1542
2387	1543
2388	1544
2389	1545
239	1546
2390	1547
2391	1548
2392	1549
2393	1550
2394	1551
2395	1552
2396	1553
2397	1554
2398	1555
2399	1556
24	1557
240	1558
2400	1559
2401	1560
2402	1561
2403	1562
2404	1563
2405	1564
2406	1565
2407	1566
2408	1567
2409	1568
241	1569
2410	1570
2411	1571
2412	1572
2413	1573
2414	1574
2415	1575
2416	1576
2417	1577
2418	1578
2419	1579
242	1580
2420	1581
2421	1582
2422	1583
2423	1584
2424	1585
2425	1586
2426	1587
2427	1588
2428	1589
2429	1590
243	1591
2430	1592
2431	1593
2432	1594
2433	1595
2434	1596
2435	1597
2436	1598
2437	1599
2438	1600
2439	1601
244	1602
2440	1603
2441	1604
2442	1605
2443	1606
2444	1607
2445	1608
2446	1609
2447	1610
2448	1611
2449	1612
245	1613
2450	1614
2451	1615
2452	1616
2453	1617
2454	1618
2455	1619
2456	1620
2457	1621
2458	1622
2459	1623
246	1624
2460	1625
2461	1626
2462	1627
2463	1628
2464	1629
2465	1630
2466	1631
2467	1632
2468	1633
2469	1634
247	1635
2470	1636
2471	1637
2472	1638
2473	1639
2474	1640
2475	1641
2476	1642
2477	1643
2478	1644
2479	1645
248	1646
2480	1647
2481	1648
2482	1649
2483	1650
2484	1651
2485	1652
2486	1653
2487	1654
2488	1655
2489	1656
249	1657
2490	1658
2491	1659
2492	1660
2493	1661
2494	1662
2495	1663
2496	1664
2497	1665
2498	1666
2499	1667
25	1668
250	1669
2500	1670
2501	1671
2502	1672
2503	1673
2504	1674
2505	1675
2506	1676
2507	1677
2508	1678
2509	1679
251	1680
2510	1681
2511	1682
2512	1683
2513	1684
2514	1685
2515	1686
2516	1687
2517	1688
2518	1689
2519	1690
252	1691
2520	1692
2521	1693
2522	1694
2523	1695
2524	1696
2525	1697
2526	1698
2527	1699
2528	1700
2529	1701
253	1702
2530	1703
2531	1704
2532	1705
2533	1706
2534	1707
2535	1708
2536	1709
2537	1710
2538	1711
2539	1712
254	1713
2540	1714
2541	1715
2542	1716
2543	1717
2544	1718
2545	1719
2546	1720
2547	1721
2548	1722
2549	1723
255	1724
2550	1725
2551	1726
2552	1727
2553	1728
2554	1729
2555	1730
2556	1731
2557	1732
2558	1733
2559	1734
256	1735
2560	1736
2561	1737
2562	1738
2563	1739
2564	1740
2565	1741
2566	1742
2567	1743
2568	1744
2569	1745
257	1746
2570	1747
2571	1748
2572	1749
2573	1750
2574	1751
2575	1752
2576	1753
2577	1754
2578	1755
2579	1756
258	1757
2580	1758
2581	1759
2582	1760
2583	1761
2584	1762
2585	1763
2586	1764
2587	1765
2588	1766
2589	1767
259	1768
2590	1769
2591	1770
2592	1771
2593	1772
2594	1773
2595	1774
2596	1775
2597	1776
2598	1777
2599	1778
26	1779
260	1780
2600	1781
2601	1782
2602	1783
2603	1784
2604	1785
2605	1786
2606	1787
2607	1788
2608	1789
2609	1790
261	1791
2610	1792
2611	1793
2612	1794
2613	1795
2614	1796
2615	1797
2616	1798
2617	1799
2618	1800
2619	1801
262	1802
2620	1803
2621	1804
2622	1805
2623	1806
2624	1807
2625	1808
2626	1809
2627	1810
2628	1811
2629	1812
263	1813
2630	1814
2631	1815
2632	1816
2633	1817
2634	1818
2635	1819
2636	1820
2637	1821
2638	1822
2639	1823
264	1824
2640	1825
2641	1826
2642	1827
2643	1828
2644	1829
2645	1830
2646	1831
2647	1832
2648	1833
2649	1834
265	1835
2650	1836
2651	1837
2652	1838
2653	1839
2654	1840
2655	1841
2656	1842
2657	1843
2658	1844
2659	1845
266	1846
2660	1847
2661	1848
2662	1849
2663	1850
2664	1851
2665	1852
2666	1853
2667	1854
2668	1855
2669	1856
267	1857
2670	1858
2671	1859
2672	1860
2673	1861
2674	1862
2675	1863
2676	1864
2677	1865
2678	1866
2679	1867
268	1868
2680	1869
2681	1870
2682	1871
2683	1872
2684	1873
2685	1874
2686	1875
2687	1876
2688	1877
2689	1878
269	1879
2690	1880
2691	1881
2692	1882
2693	1883
2694	1884
2695	1885
2696	1886
2697	1887
2698	1888
2699	1889
27	1890
270	1891
2700	1892
2701	1893
2702	1894
2703	1895
2704	1896
2705	1897
2706	1898
2707	1899
2708	1900
2709	1901
271	1902
2710	1903
2711	1904
2712	1905
2713	1906
2714	1907
2715	1908
2716	1909
2717	1910
2718	1911
2719	1912
272	1913
2720	1914
2721	1915
2722	1916
2723	1917
2724	1918
2725	1919
2726	1920
2727	1921
2728	1922
2729	1923
273	1924
2730	1925
2731	1926
2732	1927
2733	1928
2734	1929
2735	1930
2736	1931
2737	1932
2738	1933
2739	1934
274	1935
2740	1936
2741	1937
2742	1938
2743	1939
2744	1940
2745	1941
2746	1942
2747	1943
2748	1944
2749	1945
275	1946
2750	1947
2751	1948
2752	1949
2753	1950
2754	1951
2755	1952
2756	1953
2757	1954
2758	1955
2759	1956
276	1957
2760	1958
2761	1959
2762	1960
2763	1961
2764	1962
2765	1963
2766	1964
2767	1965
2768	1966
2769	1967
277	1968
2770	1969
2771	1970
2772	1971
2773	1972
2774	1973
2775	1974
2776	1975
2777	1976
2778	1977
2779	1978
278	1979
2780	1980
2781	1981
2782	1982
2783	1983
2784	1984
2785	1985
2786	1986
2787	1987
2788	1988
2789	1989
279	1990
2790	1991
2791	1992
2792	1993
2793	1994
2794	1995
2795	1996
2796	1997
2797	1998
2798	1999
2799	2000
28	2001
280	2002
2800	2003
2801	2004
2802	2005
2803	2006
2804	2007
2805	2008
2806	2009
2807	2010
2808	2011
2809	2012
281	2013
2810	2014
2811	2015
2812	2016
2813	2017
2814	2018
2815	2019
2816	2020
2817	2021
2818	2022
2819	2023
282	2024
2820	2025
2821	2026
2822	2027
2823	2028
2824	2029
2825	2030
2826	2031
2827	2032
2828	2033
2829	2034
283	2035
2830	2036
2831	2037
2832	2038
2833	2039
2834	2040
2835	2041
2836	2042
2837	2043
2838	2044
2839	2045
284	2046
2840	2047
2841	2048
2842	2049
2843	2050
2844	2051
2845	2052
2846	2053
2847	2054
2848	2055
2849	2056
285	2057
2850	2058
2851	2059
2852	2060
2853	2061
2854	2062
2855	2063
2856	2064
2857	2065
2858	2066
2859	2067
286	2068
2860	2069
2861	2070
2862	2071
2863	2072
2864	2073
2865	2074
2866	2075
2867	2076
2868	2077
2869	2078
287	2079
2870	2080
2871	2081
2872	2082
2873	2083
2874	2084
2875	2085
2876	2086
2877	2087
2878	2088
2879	2089
288	2090
2880	2091
2881	2092
2882	2093
2883	2094
2884	2095
2885	2096
2886	2097
2887	2098
2888	2099
2889	2100
289	2101
2890	2102
2891	2103
2892	2104
2893	2105
2894	2106
2895	2107
2896	2108
2897	2109
2898	2110
2899	2111
29	2112
290	2113
2900	2114
2901	2115
2902	2116
2903	2117
2904	2118
2905	2119
2906	2120
2907	2121
2908	2122
2909	2123
291	2124
2910	2125
2911	2126
2912	2127
2913	2128
2914	2129
2915	2130
2916	2131
2917	2132
2918	2133
2919	2134
292	2135
2920	2136
2921	2137
2922	2138
2923	2139
2924	2140
2925	2141
2926	2142
2927	2143
2928	2144
2929	2145
293	2146
2930	2147
2931	2148
2932	2149
2933	2150
2934	2151
2935	2152
2936	2153
2937	2154
2938	2155
2939	2156
294	2157
2940	2158
2941	2159
2942	2160
2943	2161
2944	2162
2945	2163
2946	2164
2947	2165
2948	2166
2949	2167
295	2168
2950	2169
2951	2170
2952	2171
2953	2172
2954	2173
2955	2174
2956	2175
2957	2176
2958	2177
2959	2178
296	2179
2960	2180
2961	2181
2962	2182
2963	2183
2964	2184
2965	2185
2966	2186
2967	2187
2968	2188
2969	2189
297	2190
2970	2191
2971	2192
2972	2193
2973	2194
2974	2195
2975	2196
2976	2197
2977	2198
2978	2199
2979	2200
298	2201
2980	2202
2981	2203
2982	2204
2983	2205
2984	2206
2985	2207
2986	2208
2987	2209
2988	2210
2989	2211
299	2212
2990	2213
2991	2214
2992	2215
2993	2216
2994	2217
2995	2218
2996	2219
2997	2220
2998	2221
2999	2222
3	2223
30	2224
300	2225
3000	2226
3001	2227
3002	2228
3003	2229
3004	2230
3005	2231
3006	2232
3007	2233
3008	2234
3009	2235
301	2236
3010	2237
3011	2238
3012	2239
3013	2240
3014	2241
3015	2242
3016	2243
3017	2244
3018	2245
3019	2246
302	2247
3020	2248
3021	2249
3022	2250
3023	2251
3024	2252
3025	2253
3026	2254
3027	2255
3028	2256
3029	2257
303	2258
3030	2259
3031	2260
3032	2261
3033	2262
3034	2263
3035	2264
3036	2265
3037	2266
3038	2267
3039	2268
304	2269
3040	2270
3041	2271
3042	2272
3043	2273
3044	2274
3045	2275
3046	2276
3047	2277
3048	2278
3049	2279
305	2280
3050	2281
3051	2282
3052	2283
3053	2284
3054	2285
3055	2286
3056	2287
3057	2288
3058	2289
3059	2290
306	2291
3060	2292
3061	2293
3062	2294
3063	2295
3064	2296
3065	2297
3066	2298
3067	2299
3068	2300
3069	2301
307	2302
3070	2303
3071	2304
3072	2305
3073	2306
3074	2307
3075	2308
3076	2309
3077	2310
3078	2311
3079	2312
308	2313
3080	2314
3081	2315
3082	2316
3083	2317
3084	2318
3085	2319
3086	2320
3087	2321
3088	2322
3089	2323
309	2324
3090	2325
3091	2326
3092	2327
3093	2328
3094	2329
3095	2330
3096	2331
3097	2332
3098	2333
3099	2334
31	2335
310	2336
3100	2337
3101	2338
3102	2339
3103	2340
3104	2341
3105	2342
3106	2343
3107	2344
3108	2345
3109	2346
311	2347
3110	2348
3111	2349
3112	2350
3113	2351
3114	2352
3115	2353
3116	2354
3117	2355
3118	2356
3119	2357
312	2358
3120	2359
3121	2360
3122	2361
3123	2362
3124	2363
3125	2364
3126	2365
3127	2366
3128	2367
3129	2368
313	2369
3130	2370
3131	2371
3132	2372
3133	2373
3134	2374
3135	2375
3136	2376
3137	2377
3138	2378
3139	2379
314	2380
3140	2381
3141	2382
3142	2383
3143	2384
3144	2385
3145	2386
3146	2387
3147	2388
3148	2389
3149	2390
315	2391
3150	2392
3151	2393
3152	2394
3153	2395
3154	2396
3155	2397
3156	2398
3157	2399
3158	2400
3159	2401
316	2402
3160	2403
3161	2404
3162	2405
3163	2406
3164	2407
3165	2408
3166	2409
3167	2410
3168	2411
3169	2412
317	2413
3170	2414
3171	2415
3172	2416
3173	2417
3174	2418
3175	2419
3176	2420
3177	2421
3178	2422
3179	2423
318	2424
3180	2425
3181	2426
3182	2427
3183	2428
3184	2429
3185	2430
3186	2431
3187	2432
3188	2433
3189	2434
319	2435
3190	2436
3191	2437
3192	2438
3193	2439
3194	2440
3195	2441
3196	2442
3197	2443
3198	2444
3199	2445
32	2446
320	2447
3200	2448
3201	2449
3202	2450
3203	2451
3204	2452
3205	2453
3206	2454
3207	2455
3208	2456
3209	2457
321	2458
3210	2459
3211	2460
3212	2461
3213	2462
3214	2463
3215	2464
3216	2465
3217	2466
3218	2467
3219	2468
322	2469
3220	2470
3221	2471
3222	2472
3223	2473
3224	2474
3225	2475
3226	2476
3227	2477
3228	2478
3229	2479
323	2480
3230	2481
3231	2482
3232	2483
3233	2484
3234	2485
3235	2486
3236	2487
3237	2488
3238	2489
3239	2490
324	2491
3240	2492
3241	2493
3242	2494
3243	2495
3244	2496
3245	2497
3246	2498
3247	2499
3248	2500
3249	2501
325	2502
3250	2503
3251	2504
3252	2505
3253	2506
3254	2507
3255	2508
3256	2509
3257	2510
3258	2511
3259	2512
326	2513
3260	2514
3261	2515
3262	2516
3263	2517
3264	2518
3265	2519
3266	2520
3267	2521
3268	2522
3269	2523
327	2524
3270	2525
3271	2526
3272	2527
3273	2528
3274	2529
3275	2530
3276	2531
3277	2532
3278	2533
3279	2534
328	2535
3280	2536
3281	2537
3282	2538
3283	2539
3284	2540
3285	2541
3286	2542
3287	2543
3288	2544
3289	2545
329	2546
3290	2547
3291	2548
3292	2549
3293	2550
3294	2551
3295	2552
3296	2553
3297	2554
3298	2555
3299	2556
33	2557
330	2558
3300	2559
3301	2560
3302	2561
3303	2562
3304	2563
3305	2564
3306	2565
3307	2566
3308	2567
3309	2568
331	2569
3310	2570
3311	2571
3312	2572
3313	2573
3314	2574
3315	2575
3316	2576
3317	2577
3318	2578
3319	2579
332	2580
3320	2581
3321	2582
3322	2583
3323	2584
3324	2585
3325	2586
3326	2587
3327	2588
3328	2589
3329	2590
333	2591
3330	2592
3331	2593
3332	2594
3333	2595
3334	2596
3335	2597
3336	2598
3337	2599
3338	2600
3339	2601
334	2602
3340	2603
3341	2604
3342	2605
3343	2606
3344	2607
3345	2608
3346	2609
3347	2610
3348	2611
3349	2612
335	2613
3350	2614
3351	2615
3352	2616
3353	2617
3354	2618
3355	2619
3356	2620
3357	2621
3358	2622
3359	2623
336	2624
3360	2625
3361	2626
3362	2627
3363	2628
3364	2629
3365	2630
3366	2631
3367	2632
3368	2633
3369	2634
337	2635
3370	2636
3371	2637
3372	2638
3373	2639
3374	2640
3375	2641
3376	2642
3377	2643
3378	2644
3379	2645
338	2646
3380	2647
3381	2648
3382	2649
3383	2650
3384	2651
3385	2652
3386	2653
3387	2654
3388	2655
3389	2656
339	2657
3390	2658
3391	2659
3392	2660
3393	2661
3394	2662
3395	2663
3396	2664
3397	2665
3398	2666
3399	2667
34	2668
340	2669
3400	2670
3401	2671
3402	2672
3403	2673
3404	2674
3405	2675
3406	2676
3407	2677
3408	2678
3409	2679
341	2680
3410	2681
3411	2682
3412	2683
3413	2684
3414	2685
3415	2686
3416	2687
3417	2688
3418	2689
3419	2690
342	2691
3420	2692
3421	2693
3422	2694
3423	2695
3424	2696
3425	2697
3426	2698
3427	2699
3428	2700
3429	2701
343	2702
3430	2703
3431	2704
3432	2705
3433	2706
3434	2707
3435	2708
3436	2709
3437	2710
3438	2711
3439	2712
344	2713
3440	2714
3441	2715
3442	2716
3443	2717
3444	2718
3445	2719
3446	2720
3447	2721
3448	2722
3449	2723
345	2724
3450	2725
3451	2726
3452	2727
3453	2728
3454	2729
3455	2730
3456	2731
3457	2732
3458	2733
3459	2734
346	2735
3460	2736
3461	2737
3462	2738
3463	2739
3464	2740
3465	2741
3466	2742
3467	2743
3468	2744
3469	2745
347	2746
3470	2747
3471	2748
3472	2749
3473	2750
3474	2751
3475	2752
3476	2753
3477	2754
3478	2755
3479	2756
348	2757
3480	2758
3481	2759
3482	2760
3483	2761
3484	2762
3485	2763
3486	2764
3487	2765
3488	2766
3489	2767
349	2768
3490	2769
3491	2770
3492	2771
3493	2772
3494	2773
3495	2774
3496	2775
3497	2776
3498	2777
3499	2778
35	2779
350	2780
3500	2781
3501	2782
3502	2783
3503	2784
3504	2785
3505	2786
3506	2787
3507	2788
3508	2789
3509	2790
351	2791
3510	2792
3511	2793
3512	2794
3513	2795
3514	2796
3515	2797
3516	2798
3517	2799
3518	2800
3519	2801
352	2802
3520	2803
3521	2804
3522	2805
3523	2806
3524	2807
3525	2808
3526	2809
3527	2810
3528	2811
3529	2812
353	2813
3530	2814
3531	2815
3532	2816
3533	2817
3534	2818
3535	2819
3536	2820
3537	2821
3538	2822
3539	2823
354	2824
3540	2825
3541	2826
3542	2827
3543	2828
3544	2829
3545	2830
3546	2831
3547	2832
3548	2833
3549	2834
355	2835
3550	2836
3551	2837
3552	2838
3553	2839
3554	2840
3555	2841
3556	2842
3557	2843
3558	2844
3559	2845
356	2846
3560	2847
3561	2848
3562	2849
3563	2850
3564	2851
3565	2852
3566	2853
3567	2854
3568	2855
3569	2856
357	2857
3570	2858
3571	2859
3572	2860
3573	2861
3574	2862
3575	2863
3576	2864
3577	2865
3578	2866
3579	2867
358	2868
3580	2869
3581	2870
3582	2871
3583	2872
3584	2873
3585	2874
3586	2875
3587	2876
3588	2877
3589	2878
359	2879
3590	2880
3591	2881
3592	2882
3593	2883
3594	2884
3595	2885
3596	2886
3597	2887
3598	2888
3599	2889
36	2890
360	2891
3600	2892
3601	2893
3602	2894
3603	2895
3604	2896
3605	2897
3606	2898
3607	2899
3608	2900
3609	2901
361	2902
3610	2903
3611	2904
3612	2905
3613	2906
3614	2907
3615	2908
3616	2909
3617	2910
3618	2911
3619	2912
362	2913
3620	2914
3621	2915
3622	2916
3623	2917
3624	2918
3625	2919
3626	2920
3627	2921
3628	2922
3629	2923
363	2924
3630	2925
3631	2926
3632	2927
3633	2928
3634	2929
3635	2930
3636	2931
3637	2932
3638	2933
3639	2934
364	2935
3640	2936
3641	2937
3642	2938
3643	2939
3644	2940
3645	2941
3646	2942
3647	2943
3648	2944
3649	2945
365	2946
3650	2947
3651	2948
3652	2949
3653	2950
3654	2951
3655	2952
3656	2953
3657	2954
3658	2955
3659	2956
366	2957
3660	2958
3661	2959
3662	2960
3663	2961
3664	2962
3665	2963
3666	2964
3667	2965
3668	2966
3669	2967
367	2968
3670	2969
3671	2970
3672	2971
3673	2972
3674	2973
3675	2974
3676	2975
3677	2976
3678	2977
3679	2978
368	2979
3680	2980
3681	2981
3682	2982
3683	2983
3684	2984
3685	2985
3686	2986
3687	2987
3688	2988
3689	2989
369	2990
3690	2991
3691	2992
3692	2993
3693	2994
3694	2995
3695	2996
3696	2997
3697	2998
3698	2999
3699	3000
37	3001
370	3002
3700	3003
3701	3004
3702	3005
3703	3006
3704	3007
3705	3008
3706	3009
3707	3010
3708	3011
3709	3012
371	3013
3710	3014
3711	3015
3712	3016
3713	3017
3714	3018
3715	3019
3716	3020
3717	3021
3718	3022
3719	3023
372	3024
3720	3025
3721	3026
3722	3027
3723	3028
3724	3029
3725	3030
3726	3031
3727	3032
3728	3033
3729	3034
373	3035
3730	3036
3731	3037
3732	3038
3733	3039
3734	3040
3735	3041
3736	3042
3737	3043
3738	3044
3739	3045
374	3046
3740	3047
3741	3048
3742	3049
3743	3050
3744	3051
3745	3052
3746	3053
3747	3054
3748	3055
3749	3056
375	3057
3750	3058
3751	3059
3752	3060
3753	3061
3754	3062
3755	3063
3756	3064
3757	3065
3758	3066
3759	3067
376	3068
3760	3069
3761	3070
3762	3071
3763	3072
3764	3073
3765	3074
3766	3075
3767	3076
3768	3077
3769	3078
377	3079
3770	3080
3771	3081
3772	3082
3773	3083
3774	3084
3775	3085
3776	3086
3777	3087
3778	3088
3779	3089
378	3090
3780	3091
3781	3092
3782	3093
3783	3094
3784	3095
3785	3096
3786	3097
3787	3098
3788	3099
3789	3100
379	3101
3790	3102
3791	3103
3792	3104
3793	3105
3794	3106
3795	3107
3796	3108
3797	3109
3798	3110
3799	3111
38	3112
380	3113
3800	3114
3801	3115
3802	3116
3803	3117
3804	3118
3805	3119
3806	3120
3807	3121
3808	3122
3809	3123
381	3124
3810	3125
3811	3126
3812	3127
3813	3128
3814	3129
3815	3130
3816	3131
3817	3132
3818	3133
3819	3134
382	3135
3820	3136
3821	3137
3822	3138
3823	3139
3824	3140
3825	3141
3826	3142
3827	3143
3828	3144
3829	3145
383	3146
3830	3147
3831	3148
3832	3149
3833	3150
3834	3151
3835	3152
3836	3153
3837	3154
3838	3155
3839	3156
384	3157
3840	3158
3841	3159
3842	3160
3843	3161
3844	3162
3845	3163
3846	3164
3847	3165
3848	3166
3849	3167
385	3168
3850	3169
3851	3170
3852	3171
3853	3172
3854	3173
3855	3174
3856	3175
3857	3176
3858	3177
3859	3178
386	3179
3860	3180
3861	3181
3862	3182
3863	3183
3864	3184
3865	3185
3866	3186
3867	3187
3868	3188
3869	3189
387	3190
3870	3191
3871	3192
3872	3193
3873	3194
3874	3195
3875	3196
3876	3197
3877	3198
3878	3199
3879	3200
388	3201
3880	3202
3881	3203
3882	3204
3883	3205
3884	3206
3885	3207
3886	3208
3887	3209
3888	3210
3889	3211
389	3212
3890	3213
3891	3214
3892	3215
3893	3216
3894	3217
3895	3218
3896	3219
3897	3220
3898	3221
3899	3222
39	3223
390	3224
3900	3225
3901	3226
3902	3227
3903	3228
3904	3229
3905	3230
3906	3231
3907	3232
3908	3233
3909	3234
391	3235
3910	3236
3911	3237
3912	3238
3913	3239
3914	3240
3915	3241
3916	3242
3917	3243
3918	3244
3919	3245
392	3246
3920	3247
3921	3248
3922	3249
3923	3250
3924	3251
3925	3252
3926	3253
3927	3254
3928	3255
3929	3256
393	3257
3930	3258
3931	3259
3932	3260
3933	3261
3934	3262
3935	3263
3936	3264
3937	3265
3938	3266
3939	3267
394	3268
3940	3269
3941	3270
3942	3271
3943	3272
3944	3273
3945	3274
3946	3275
3947	3276
3948	3277
3949	3278
395	3279
3950	3280
3951	3281
3952	3282
3953	3283
3954	3284
3955	3285
3956	3286
3957	3287
3958	3288
3959	3289
396	3290
3960	3291
3961	3292
3962	3293
3963	3294
3964	3295
3965	3296
3966	3297
3967	3298
3968	3299
3969	3300
397	3301
3970	3302
3971	3303
3972	3304
3973	3305
3974	3306
3975	3307
3976	3308
3977	3309
3978	3310
3979	3311
398	3312
3980	3313
3981	3314
3982	3315
3983	3316
3984	3317
3985	3318
3986	3319
3987	3320
3988	3321
3989	3322
399	3323
3990	3324
3991	3325
3992	3326
3993	3327
3994	3328
3995	3329
3996	3330
3997	3331
3998	3332
3999	3333
4	3334
40	3335
400	3336
4000	3337
4001	3338
4002	3339
4003	3340
4004	3341
4005	3342
4006	3343
4007	3344
4008	3345
4009	3346
401	3347
4010	3348
4011	3349
4012	3350
4013	3351
4014	3352
4015	3353
4016	3354
402	3355
403	3356
404	3357
405	3358
406	3359
407	3360
408	3361
409	3362
41	3363
410	3364
411	3365
412	3366
413	3367
414	3368
415	3369
416	3370
417	3371
418	3372
419	3373
42	3374
420	3375
421	3376
422	3377
423	3378
424	3379
425	3380
426	3381
427	3382
428	3383
429	3384
43	3385
430	3386
431	3387
432	3388
433	3389
434	3390
435	3391
436	3392
437	3393
438	3394
439	3395
44	3396
440	3397
441	3398
442	3399
443	3400
444	3401
445	3402
446	3403
447	3404
448	3405
449	3406
45	3407
450	3408
451	3409
452	3410
453	3411
454	3412
455	3413
456	3414
457	3415
458	3416
459	3417
46	3418
460	3419
461	3420
462	3421
463	3422
464	3423
465	3424
466	3425
467	3426
468	3427
469	3428
47	3429
470	3430
471	3431
472	3432
473	3433
474	3434
475	3435
476	3436
477	3437
478	3438
479	3439
48	3440
480	3441
481	3442
482	3443
483	3444
484	3445
485	3446
486	3447
487	3448
488	3449
489	3450
49	3451
490	3452
491	3453
492	3454
493	3455
494	3456
495	3457
496	3458
497	3459
498	3460
499	3461
5	3462
50	3463
500	3464
501	3465
502	3466
503	3467
504	3468
505	3469
506	3470
507	3471
508	3472
509	3473
51	3474
510	3475
511	3476
512	3477
513	3478
514	3479
515	3480
516	3481
517	3482
518	3483
519	3484
52	3485
520	3486
521	3487
522	3488
523	3489
524	3490
525	3491
526	3492
527	3493
528	3494
529	3495
53	3496
530	3497
531	3498
532	3499
533	3500
534	3501
535	3502
536	3503
537	3504
538	3505
539	3506
54	3507
540	3508
541	3509
542	3510
543	3511
544	3512
545	3513
546	3514
547	3515
548	3516
549	3517
55	3518
550	3519
551	3520
552	3521
553	3522
554	3523
555	3524
556	3525
557	3526
558	3527
559	3528
56	3529
560	3530
561	3531
562	3532
563	3533
564	3534
565	3535
566	3536
567	3537
568	3538
569	3539
57	3540
570	3541
571	3542
572	3543
573	3544
574	3545
575	3546
576	3547
577	3548
578	3549
579	3550
58	3551
580	3552
581	3553
582	3554
583	3555
584	3556
585	3557
586	3558
587	3559
588	3560
589	3561
59	3562
590	3563
591	3564
592	3565
593	3566
594	3567
595	3568
596	3569
597	3570
598	3571
599	3572
6	3573
60	3574
600	3575
601	3576
602	3577
603	3578
604	3579
605	3580
606	3581
607	3582
608	3583
609	3584
61	3585
610	3586
611	3587
612	3588
613	3589
614	3590
615	3591
616	3592
617	3593
618	3594
619	3595
62	3596
620	3597
621	3598
622	3599
623	3600
624	3601
625	3602
626	3603
627	3604
628	3605
629	3606
63	3607
630	3608
631	3609
632	3610
633	3611
634	3612
635	3613
636	3614
637	3615
638	3616
639	3617
64	3618
640	3619
641	3620
642	3621
643	3622
644	3623
645	3624
646	3625
647	3626
648	3627
649	3628
65	3629
650	3630
651	3631
652	3632
653	3633
654	3634
655	3635
656	3636
657	3637
658	3638
659	3639
66	3640
660	3641
661	3642
662	3643
663	3644
664	3645
665	3646
666	3647
667	3648
668	3649
669	3650
67	3651
670	3652
671	3653
672	3654
673	3655
674	3656
675	3657
676	3658
677	3659
678	3660
679	3661
68	3662
680	3663
681	3664
682	3665
683	3666
684	3667
685	3668
686	3669
687	3670
688	3671
689	3672
69	3673
690	3674
691	3675
692	3676
693	3677
694	3678
695	3679
696	3680
697	3681
698	3682
699	3683
7	3684
70	3685
700	3686
701	3687
702	3688
703	3689
704	3690
705	3691
706	3692
707	3693
708	3694
709	3695
71	3696
710	3697
711	3698
712	3699
713	3700
714	3701
715	3702
716	3703
717	3704
718	3705
719	3706
72	3707
720	3708
721	3709
722	3710
723	3711
724	3712
725	3713
726	3714
727	3715
728	3716
729	3717
73	3718
730	3719
731	3720
732	3721
733	3722
734	3723
735	3724
736	3725
737	3726
738	3727
739	3728
74	3729
740	3730
741	3731
742	3732
743	3733
744	3734
745	3735
746	3736
747	3737
748	3738
749	3739
75	3740
750	3741
751	3742
752	3743
753	3744
754	3745
755	3746
756	3747
757	3748
758	3749
759	3750
76	3751
760	3752
761	3753
762	3754
763	3755
764	3756
765	3757
766	3758
767	3759
768	3760
769	3761
77	3762
770	3763
771	3764
772	3765
773	3766
774	3767
775	3768
776	3769
777	3770
778	3771
779	3772
78	3773
780	3774
781	3775
782	3776
783	3777
784	3778
785	3779
786	3780
787	3781
788	3782
789	3783
79	3784
790	3785
791	3786
792	3787
793	3788
794	3789
795	3790
796	3791
797	3792
798	3793
799	3794
8	3795
80	3796
800	3797
801	3798
802	3799
803	3800
804	3801
805	3802
806	3803
807	3804
808	3805
809	3806
81	3807
810	3808
811	3809
812	3810
813	3811
814	3812
815	3813
816	3814
817	3815
818	3816
819	3817
82	3818
820	3819
821	3820
822	3821
823	3822
824	3823
825	3824
826	3825
827	3826
828	3827
829	3828
83	3829
830	3830
831	3831
832	3832
833	3833
834	3834
835	3835
836	3836
837	3837
838	3838
839	3839
84	3840
840	3841
841	3842
842	3843
843	3844
844	3845
845	3846
846	3847
847	3848
848	3849
849	3850
85	3851
850	3852
851	3853
852	3854
853	3855
854	3856
855	3857
856	3858
857	3859
858	3860
859	3861
86	3862
860	3863
861	3864
862	3865
863	3866
864	3867
865	3868
866	3869
867	3870
868	3871
869	3872
87	3873
870	3874
871	3875
872	3876
873	3877
874	3878
875	3879
876	3880
877	3881
878	3882
879	3883
88	3884
880	3885
881	3886
882	3887
883	3888
884	3889
885	3890
886	3891
887	3892
888	3893
889	3894
89	3895
890	3896
891	3897
892	3898
893	3899
894	3900
895	3901
896	3902
897	3903
898	3904
899	3905
9	3906
90	3907
900	3908
901	3909
902	3910
903	3911
904	3912
905	3913
906	3914
907	3915
908	3916
909	3917
91	3918
910	3919
911	3920
912	3921
913	3922
914	3923
915	3924
916	3925
917	3926
918	3927
919	3928
92	3929
920	3930
921	3931
922	3932
923	3933
924	3934
925	3935
926	3936
927	3937
928	3938
929	3939
93	3940
930	3941
931	3942
932	3943
933	3944
934	3945
935	3946
936	3947
937	3948
938	3949
939	3950
94	3951
940	3952
941	3953
942	3954
943	3955
944	3956
945	3957
946	3958
947	3959
948	3960
949	3961
95	3962
950	3963
951	3964
952	3965
953	3966
954	3967
955	3968
956	3969
957	3970
958	3971
959	3972
96	3973
960	3974
961	3975
962	3976
963	3977
964	3978
965	3979
966	3980
967	3981
968	3982
969	3983
97	3984
970	3985
971	3986
972	3987
973	3988
974	3989
975	3990
976	3991
977	3992
978	3993
979	3994
98	3995
980	3996
981	3997
982	3998
983	3999
984	4000
985	4001
986	4002
987	4003
988	4004
989	4005
99	4006
990	4007
991	4008
992	4009
993	4010
994	4011
995	4012
996	4013
997	4014
998	4015
999	4016
time	4017
