0	0
1	1
10	2
100	3
1000	4
1001	5
1002	6
1003	7
1004	8
1005	9
1006	10
1007	11
1008	12
1009	13
101	14
1010	15
1011	16
1012	17
1013	18
1014	19
1015	20
1016	21
1017	22
1018	23
1019	24
102	25
1020	26
1021	27
1022	28
1023	29
1024	30
1025	31
1026	32
1027	33
1028	34
1029	35
103	36
1030	37
1031	38
1032	39
1033	40
1034	41
1035	42
1036	43
1037	44
1038	45
1039	46
104	47
1040	48
1041	49
1042	50
1043	51
1044	52
1045	53
1046	54
1047	55
1048	56
1049	57
105	58
1050	59
1051	60
1052	61
1053	62
1054	63
1055	64
1056	65
1057	66
1058	67
1059	68
106	69
1060	70
1061	71
1062	72
1063	73
1064	74
1065	75
1066	76
1067	77
1068	78
1069	79
107	80
1070	81
1071	82
1072	83
1073	84
1074	85
1075	86
1076	87
1077	88
1078	89
1079	90
108	91
1080	92
1081	93
1082	94
1083	95
1084	96
1085	97
1086	98
1087	99
1088	100
1089	101
109	102
1090	103
1091	104
1092	105
1093	106
1094	107
1095	108
1096	109
1097	110
1098	111
1099	112
11	113
110	114
1100	115
1101	116
1102	117
1103	118
1104	119
1105	120
1106	121
1107	122
1108	123
1109	124
111	125
1110	126
1111	127
1112	128
1113	129
1114	130
1115	131
1116	132
1117	133
1118	134
1119	135
112	136
1120	137
1121	138
1122	139
1123	140
1124	141
1125	142
1126	143
1127	144
1128	145
1129	146
113	147
1130	148
1131	149
1132	150
1133	151
1134	152
1135	153
1136	154
1137	155
1138	156
1139	157
114	158
1140	159
1141	160
1142	161
1143	162
1144	163
1145	164
1146	165
1147	166
1148	167
1149	168
115	169
1150	170
1151	171
1152	172
1153	173
1154	174
1155	175
1156	176
1157	177
1158	178
1159	179
116	180
1160	181
1161	182
1162	183
1163	184
1164	185
1165	186
1166	187
1167	188
1168	189
1169	190
117	191
1170	192
1171	193
1172	194
1173	195
1174	196
1175	197
1176	198
1177	199
1178	200
1179	201
118	202
1180	203
1181	204
1182	205
1183	206
1184	207
1185	208
1186	209
1187	210
1188	211
1189	212
119	213
1190	214
1191	215
1192	216
1193	217
1194	218
1195	219
1196	220
1197	221
1198	222
1199	223
12	224
120	225
1200	226
1201	227
1202	228
1203	229
1204	230
1205	231
1206	232
1207	233
1208	234
1209	235
121	236
1210	237
1211	238
1212	239
1213	240
1214	241
1215	242
1216	243
1217	244
1218	245
1219	246
122	247
1220	248
1221	249
1222	250
1223	251
1224	252
1225	253
1226	254
1227	255
1228	256
1229	257
123	258
1230	259
1231	260
1232	261
1233	262
1234	263
1235	264
1236	265
1237	266
1238	267
1239	268
124	269
1240	270
1241	271
1242	272
1243	273
1244	274
1245	275
1246	276
1247	277
1248	278
1249	279
125	280
1250	281
1251	282
1252	283
1253	284
1254	285
1255	286
1256	287
1257	288
1258	289
1259	290
126	291
1260	292
1261	293
1262	294
1263	295
1264	296
1265	297
1266	298
1267	299
1268	300
1269	301
127	302
1270	303
1271	304
1272	305
1273	306
1274	307
1275	308
1276	309
1277	310
1278	311
1279	312
128	313
1280	314
1281	315
1282	316
1283	317
1284	318
1285	319
1286	320
1287	321
1288	322
1289	323
129	324
1290	325
1291	326
1292	327
1293	328
1294	329
1295	330
1296	331
1297	332
1298	333
1299	334
13	335
130	336
1300	337
1301	338
1302	339
1303	340
1304	341
1305	342
1306	343
1307	344
1308	345
1309	346
131	347
1310	348
1311	349
1312	350
1313	351
1314	352
1315	353
1316	354
1317	355
1318	356
1319	357
132	358
1320	359
1321	360
1322	361
1323	362
1324	363
1325	364
1326	365
1327	366
1328	367
1329	368
133	369
1330	370
1331	371
1332	372
1333	373
1334	374
1335	375
1336	376
1337	377
1338	378
1339	379
134	380
1340	381
1341	382
1342	383
1343	384
1344	385
1345	386
1346	387
1347	388
1348	389
1349	390
135	391
1350	392
1351	393
1352	394
1353	395
1354	396
1355	397
1356	398
1357	399
1358	400
1359	401
136	402
1360	403
1361	404
1362	405
1363	406
1364	407
1365	408
1366	409
1367	410
1368	411
1369	412
137	413
1370	414
1371	415
1372	416
1373	417
1374	418
1375	419
1376	420
1377	421
1378	422
1379	423
138	424
1380	425
1381	426
1382	427
1383	428
1384	429
1385	430
1386	431
1387	432
1388	433
1389	434
139	435
1390	436
1391	437
1392	438
1393	439
1394	440
1395	441
1396	442
1397	443
1398	444
1399	445
14	446
140	447
1400	448
1401	449
1402	450
1403	451
1404	452
1405	453
1406	454
1407	455
1408	456
1409	457
141	458
1410	459
1411	460
1412	461
1413	462
1414	463
1415	464
1416	465
1417	466
1418	467
1419	468
142	469
1420	470
1421	471
1422	472
1423	473
1424	474
1425	475
1426	476
1427	477
1428	478
1429	479
143	480
1430	481
1431	482
1432	483
1433	484
1434	485
1435	486
1436	487
1437	488
1438	489
1439	490
144	491
1440	492
1441	493
1442	494
1443	495
1444	496
1445	497
1446	498
1447	499
1448	500
1449	501
145	502
1450	503
1451	504
1452	505
1453	506
1454	507
1455	508
1456	509
1457	510
1458	511
1459	512
146	513
1460	514
1461	515
1462	516
1463	517
1464	518
1465	519
1466	520
1467	521
1468	522
1469	523
147	524
1470	525
1471	526
1472	527
1473	528
1474	529
1475	530
1476	531
1477	532
1478	533
1479	534
148	535
1480	536
1481	537
1482	538
1483	539
1484	540
1485	541
1486	542
1487	543
1488	544
1489	545
149	546
1490	547
1491	548
1492	549
1493	550
1494	551
1495	552
1496	553
1497	554
1498	555
1499	556
15	557
150	558
1500	559
1501	560
1502	561
1503	562
1504	563
1505	564
1506	565
1507	566
1508	567
1509	568
151	569
1510	570
1511	571
1512	572
1513	573
1514	574
1515	575
1516	576
1517	577
1518	578
1519	579
152	580
1520	581
1521	582
1522	583
1523	584
1524	585
1525	586
1526	587
1527	588
1528	589
1529	590
153	591
1530	592
1531	593
1532	594
1533	595
1534	596
1535	597
1536	598
1537	599
1538	600
1539	601
154	602
1540	603
1541	604
1542	605
1543	606
1544	607
1545	608
1546	609
1547	610
1548	611
1549	612
155	613
1550	614
1551	615
1552	616
1553	617
1554	618
1555	619
1556	620
1557	621
1558	622
1559	623
156	624
1560	625
1561	626
1562	627
1563	628
1564	629
1565	630
1566	631
1567	632
1568	633
1569	634
157	635
1570	636
1571	637
1572	638
1573	639
1574	640
1575	641
1576	642
1577	643
1578	644
1579	645
158	646
1580	647
1581	648
1582	649
1583	650
1584	651
1585	652
1586	653
1587	654
1588	655
1589	656
159	657
1590	658
1591	659
1592	660
1593	661
1594	662
1595	663
1596	664
1597	665
1598	666
1599	667
16	668
160	669
1600	670
1601	671
1602	672
1603	673
1604	674
1605	675
1606	676
1607	677
1608	678
1609	679
161	680
1610	681
1611	682
1612	683
1613	684
1614	685
1615	686
1616	687
1617	688
1618	689
1619	690
162	691
1620	692
1621	693
1622	694
1623	695
1624	696
1625	697
1626	698
1627	699
1628	700
1629	701
163	702
1630	703
1631	704
1632	705
1633	706
1634	707
1635	708
1636	709
1637	710
1638	711
1639	712
164	713
1640	714
1641	715
1642	716
1643	717
1644	718
1645	719
1646	720
1647	721
1648	722
1649	723
165	724
1650	725
1651	726
1652	727
1653	728
1654	729
1655	730
1656	731
1657	732
1658	733
1659	734
166	735
1660	736
1661	737
1662	738
1663	739
1664	740
1665	741
1666	742
1667	743
1668	744
1669	745
167	746
1670	747
1671	748
1672	749
1673	750
1674	751
1675	752
1676	753
1677	754
1678	755
1679	756
168	757
1680	758
1681	759
1682	760
1683	761
1684	762
1685	763
1686	764
1687	765
1688	766
1689	767
169	768
1690	769
1691	770
1692	771
1693	772
1694	773
1695	774
1696	775
1697	776
1698	777
1699	778
17	779
170	780
1700	781
1701	782
1702	783
1703	784
1704	785
1705	786
1706	787
1707	788
1708	789
1709	790
171	791
1710	792
1711	793
1712	794
1713	795
1714	796
1715	797
1716	798
1717	799
1718	800
1719	801
172	802
1720	803
1721	804
1722	805
1723	806
1724	807
1725	808
1726	809
1727	810
1728	811
1729	812
173	813
1730	814
1731	815
1732	816
1733	817
1734	818
1735	819
1736	820
1737	821
1738	822
1739	823
174	824
1740	825
1741	826
1742	827
1743	828
1744	829
1745	830
1746	831
1747	832
1748	833
1749	834
175	835
1750	836
1751	837
1752	838
1753	839
1754	840
1755	841
1756	842
1757	843
1758	844
1759	845
176	846
1760	847
1761	848
1762	849
1763	850
1764	851
1765	852
1766	853
1767	854
1768	855
1769	856
177	857
1770	858
1771	859
1772	860
1773	861
1774	862
1775	863
1776	864
1777	865
1778	866
1779	867
178	868
1780	869
1781	870
1782	871
1783	872
1784	873
1785	874
1786	875
1787	876
1788	877
1789	878
179	879
1790	880
1791	881
1792	882
1793	883
1794	884
1795	885
1796	886
1797	887
1798	888
1799	889
18	890
180	891
1800	892
1801	893
1802	894
1803	895
1804	896
1805	897
1806	898
1807	899
1808	900
1809	901
181	902
1810	903
1811	904
1812	905
1813	906
1814	907
1815	908
1816	909
1817	910
1818	911
1819	912
182	913
1820	914
1821	915
1822	916
1823	917
1824	918
1825	919
1826	920
1827	921
1828	922
1829	923
183	924
1830	925
1831	926
1832	927
1833	928
1834	929
1835	930
1836	931
1837	932
1838	933
1839	934
184	935
1840	936
1841	937
1842	938
1843	939
1844	940
1845	941
1846	942
1847	943
1848	944
1849	945
185	946
1850	947
1851	948
1852	949
1853	950
1854	951
1855	952
1856	953
1857	954
1858	955
1859	956
186	957
1860	958
1861	959
1862	960
1863	961
1864	962
1865	963
1866	964
1867	965
1868	966
1869	967
187	968
1870	969
1871	970
1872	971
1873	972
1874	973
1875	974
1876	975
1877	976
1878	977
1879	978
188	979
1880	980
1881	981
1882	982
1883	983
1884	984
1885	985
1886	986
1887	987
1888	988
1889	989
189	990
1890	991
1891	992
1892	993
1893	994
1894	995
1895	996
1896	997
1897	998
1898	999
1899	1000
19	1001
190	1002
1900	1003
1901	1004
1902	1005
1903	1006
1904	1007
1905	1008
1906	1009
1907	1010
1908	1011
1909	1012
191	1013
1910	1014
1911	1015
1912	1016
1913	1017
1914	1018
1915	1019
1916	1020
1917	1021
1918	1022
1919	1023
192	1024
1920	1025
1921	1026
1922	1027
1923	1028
1924	1029
1925	1030
1926	1031
1927	1032
1928	1033
1929	1034
193	1035
1930	1036
1931	1037
1932	1038
1933	1039
1934	1040
1935	1041
1936	1042
1937	1043
1938	1044
1939	1045
194	1046
1940	1047
1941	1048
1942	1049
1943	1050
1944	1051
1945	1052
1946	1053
1947	1054
1948	1055
1949	1056
195	1057
1950	1058
1951	1059
1952	1060
1953	1061
1954	1062
1955	1063
1956	1064
1957	1065
1958	1066
1959	1067
196	1068
1960	1069
1961	1070
1962	1071
1963	1072
1964	1073
1965	1074
1966	1075
1967	1076
1968	1077
1969	1078
197	1079
1970	1080
1971	1081
1972	1082
1973	1083
1974	1084
1975	1085
1976	1086
1977	1087
1978	1088
1979	1089
198	1090
1980	1091
1981	1092
1982	1093
1983	1094
1984	1095
1985	1096
1986	1097
1987	1098
1988	1099
1989	1100
199	1101
1990	1102
1991	1103
1992	1104
1993	1105
1994	1106
1995	1107
1996	1108
1997	1109
1998	1110
1999	1111
2	1112
20	1113
200	1114
2000	1115
2001	1116
2002	1117
2003	1118
2004	1119
2005	1120
2006	1121
2007	1122
2008	1123
2009	1124
201	1125
2010	1126
2011	1127
2012	1128
2013	1129
2014	1130
2015	1131
2016	1132
2017	1133
2018	1134
2019	1135
202	1136
2020	1137
2021	1138
2022	1139
2023	1140
2024	1141
2025	1142
2026	1143
2027	1144
2028	1145
2029	1146
203	1147
2030	1148
2031	1149
2032	1150
2033	1151
2034	1152
2035	1153
2036	1154
2037	1155
2038	1156
2039	1157
204	1158
2040	1159
2041	1160
2042	1161
2043	1162
2044	1163
2045	1164
2046	1165
2047	1166
2048	1167
2049	1168
205	1169
2050	1170
2051	1171
2052	1172
2053	1173
2054	1174
2055	1175
2056	1176
2057	1177
2058	1178
2059	1179
206	1180
2060	1181
2061	1182
2062	1183
2063	1184
2064	1185
2065	1186
2066	1187
2067	1188
2068	1189
2069	1190
207	1191
2070	1192
2071	1193
2072	1194
2073	1195
2074	1196
2075	1197
2076	1198
2077	1199
2078	1200
2079	1201
208	1202
2080	1203
2081	1204
2082	1205
2083	1206
2084	1207
2085	1208
2086	1209
2087	1210
2088	1211
2089	1212
209	1213
2090	1214
2091	1215
2092	1216
2093	1217
2094	1218
2095	1219
2096	1220
2097	1221
2098	1222
2099	1223
21	1224
210	1225
2100	1226
2101	1227
2102	1228
2103	1229
2104	1230
2105	1231
2106	1232
2107	1233
2108	1234
2109	1235
211	1236
2110	1237
2111	1238
2112	1239
2113	1240
2114	1241
2115	1242
2116	1243
2117	1244
2118	1245
2119	1246
212	1247
2120	1248
2121	1249
2122	1250
2123	1251
2124	1252
2125	1253
2126	1254
2127	1255
2128	1256
2129	1257
213	1258
2130	1259
2131	1260
2132	1261
2133	1262
2134	1263
2135	1264
2136	1265
2137	1266
2138	1267
2139	1268
214	1269
2140	1270
2141	1271
2142	1272
2143	1273
2144	1274
2145	1275
2146	1276
2147	1277
2148	1278
2149	1279
215	1280
2150	1281
2151	1282
2152	1283
2153	1284
2154	1285
2155	1286
2156	1287
2157	1288
2158	1289
2159	1290
216	1291
2160	1292
2161	1293
2162	1294
2163	1295
2164	1296
2165	1297
2166	1298
2167	1299
2168	1300
2169	1301
217	1302
2170	1303
2171	1304
2172	1305
2173	1306
2174	1307
2175	1308
2176	1309
2177	1310
2178	1311
2179	1312
218	1313
2180	1314
2181	1315
2182	1316
2183	1317
2184	1318
2185	1319
2186	1320
2187	1321
2188	1322
2189	1323
219	1324
2190	1325
2191	1326
2192	1327
2193	1328
2194	1329
2195	1330
2196	1331
2197	1332
2198	1333
2199	1334
22	1335
220	1336
2200	1337
2201	1338
2202	1339
2203	1340
2204	1341
2205	1342
2206	1343
2207	1344
2208	1345
2209	1346
221	1347
2210	1348
2211	1349
2212	1350
2213	1351
2214	1352
2215	1353
2216	1354
2217	1355
2218	1356
2219	1357
222	1358
2220	1359
2221	1360
2222	1361
2223	1362
2224	1363
2225	1364
2226	1365
2227	1366
2228	1367
2229	1368
223	1369
2230	1370
2231	1371
2232	1372
2233	1373
2234	1374
2235	1375
2236	1376
2237	1377
2238	1378
2239	1379
224	1380
2240	1381
2241	1382
2242	1383
2243	1384
2244	1385
2245	1386
2246	1387
2247	1388
2248	1389
2249	1390
225	1391
2250	1392
2251	1393
2252	1394
2253	1395
2254	1396
2255	1397
2256	1398
2257	1399
2258	1400
2259	1401
226	1402
2260	1403
2261	1404
2262	1405
2263	1406
2264	1407
2265	1408
2266	1409
2267	1410
2268	1411
2269	1412
227	1413
2270	1414
2271	1415
2272	1416
2273	1417
2274	1418
2275	1419
2276	1420
2277	1421
2278	1422
2279	1423
228	1424
2280	1425
2281	1426
2282	1427
2283	1428
2284	1429
2285	1430
2286	1431
2287	1432
2288	1433
2289	1434
229	1435
2290	1436
2291	1437
2292	1438
2293	1439
2294	1440
2295	1441
2296	1442
2297	1443
2298	1444
2299	1445
23	1446
230	1447
2300	1448
2301	1449
2302	1450
2303	1451
2304	1452
2305	1453
2306	1454
2307	1455
2308	1456
2309	1457
231	1458
2310	1459
2311	1460
2312	1461
2313	1462
2314	1463
2315	1464
2316	1465
2317	1466
2318	1467
2319	1468
232	1469
2320	1470
2321	1471
2322	1472
2323	1473
2324	1474
2325	1475
2326	1476
2327	1477
2328	1478
2329	1479
233	1480
2330	1481
2331	1482
2332	1483
2333	1484
2334	1485
2335	1486
2336	1487
2337	1488
2338	1489
2339	1490
234	1491
2340	1492
2341	1493
2342	1494
2343	1495
2344	1496
2345	1497
2346	1498
2347	1499
2348	1500
2349	1501
235	1502
2350	1503
2351	1504
2352	1505
2353	1506
2354	1507
2355	1508
2356	1509
2357	1510
2358	1511
2359	1512
236	1513
2360	1514
2361	1515
2362	1516
2363	1517
2364	1518
2365	1519
2366	1520
2367	1521
2368	1522
2369	1523
237	1524
2370	1525
2371	1526
2372	1527
2373	1528
2374	1529
2375	1530
2376	1531
2377	1532
2378	1533
2379	1534
238	1535
2380	1536
2381	1537
2382	1538
2383	1539
2384	1540
2385	1541
2386	1542
2387	1543
2388	1544
2389	1545
239	1546
2390	1547
2391	1548
2392	1549
2393	1550
2394	1551
2395	1552
2396	1553
2397	1554
2398	1555
2399	1556
24	1557
240	1558
2400	1559
2401	1560
2402	1561
2403	1562
2404	1563
2405	1564
2406	1565
2407	1566
2408	1567
2409	1568
241	1569
2410	1570
2411	1571
2412	1572
2413	1573
2414	1574
2415	1575
2416	1576
2417	1577
2418	1578
2419	1579
242	1580
2420	1581
2421	1582
2422	1583
2423	1584
2424	1585
2425	1586
2426	1587
2427	1588
2428	1589
2429	1590
243	1591
2430	1592
2431	1593
2432	1594
2433	1595
2434	1596
2435	1597
2436	1598
2437	1599
2438	1600
2439	1601
244	1602
2440	1603
2441	1604
2442	1605
2443	1606
2444	1607
2445	1608
2446	1609
2447	1610
2448	1611
2449	1612
245	1613
2450	1614
2451	1615
2452	1616
2453	1617
2454	1618
2455	1619
2456	1620
2457	1621
2458	1622
2459	1623
246	1624
2460	1625
2461	1626
2462	1627
2463	1628
2464	1629
2465	1630
2466	1631
2467	1632
2468	1633
2469	1634
247	1635
2470	1636
2471	1637
2472	1638
2473	1639
2474	1640
2475	1641
2476	1642
2477	1643
2478	1644
2479	1645
248	1646
2480	1647
2481	1648
2482	1649
2483	1650
2484	1651
2485	1652
2486	1653
2487	1654
2488	1655
2489	1656
249	1657
2490	1658
2491	1659
2492	1660
2493	1661
2494	1662
2495	1663
2496	1664
2497	1665
2498	1666
2499	1667
25	1668
250	1669
2500	1670
2501	1671
2502	1672
2503	1673
2504	1674
2505	1675
2506	1676
2507	1677
2508	1678
2509	1679
251	1680
2510	1681
2511	1682
2512	1683
2513	1684
2514	1685
2515	1686
2516	1687
2517	1688
2518	1689
2519	1690
252	1691
2520	1692
2521	1693
2522	1694
2523	1695
2524	1696
2525	1697
2526	1698
2527	1699
2528	1700
2529	1701
253	1702
2530	1703
2531	1704
2532	1705
2533	1706
2534	1707
2535	1708
2536	1709
2537	1710
2538	1711
2539	1712
254	1713
2540	1714
2541	1715
2542	1716
2543	1717
2544	1718
2545	1719
2546	1720
2547	1721
2548	1722
2549	1723
255	1724
2550	1725
2551	1726
2552	1727
2553	1728
2554	1729
2555	1730
2556	1731
2557	1732
2558	1733
2559	1734
256	1735
2560	1736
2561	1737
2562	1738
2563	1739
2564	1740
2565	1741
2566	1742
2567	1743
2568	1744
2569	1745
257	1746
2570	1747
2571	1748
2572	1749
2573	1750
2574	1751
2575	1752
2576	1753
2577	1754
2578	1755
2579	1756
258	1757
2580	1758
2581	1759
2582	1760
2583	1761
2584	1762
2585	1763
2586	1764
2587	1765
2588	1766
2589	1767
259	1768
2590	1769
2591	1770
2592	1771
2593	1772
2594	1773
2595	1774
2596	1775
2597	1776
2598	1777
2599	1778
26	1779
260	1780
2600	1781
2601	1782
2602	1783
2603	1784
2604	1785
2605	1786
2606	1787
2607	1788
2608	1789
2609	1790
261	1791
2610	1792
2611	1793
2612	1794
2613	1795
2614	1796
2615	1797
2616	1798
2617	1799
2618	1800
2619	1801
262	1802
2620	1803
2621	1804
2622	1805
2623	1806
2624	1807
2625	1808
2626	1809
2627	1810
2628	1811
2629	1812
263	1813
2630	1814
2631	1815
2632	1816
2633	1817
2634	1818
2635	1819
2636	1820
2637	1821
2638	1822
2639	1823
264	1824
2640	1825
2641	1826
2642	1827
2643	1828
2644	1829
2645	1830
2646	1831
2647	1832
2648	1833
2649	1834
265	1835
2650	1836
2651	1837
2652	1838
2653	1839
2654	1840
2655	1841
2656	1842
2657	1843
2658	1844
2659	1845
266	1846
2660	1847
2661	1848
2662	1849
2663	1850
2664	1851
2665	1852
2666	1853
2667	1854
2668	1855
2669	1856
267	1857
2670	1858
2671	1859
2672	1860
2673	1861
2674	1862
2675	1863
2676	1864
2677	1865
2678	1866
2679	1867
268	1868
2680	1869
2681	1870
2682	1871
2683	1872
2684	1873
2685	1874
2686	1875
2687	1876
2688	1877
2689	1878
269	1879
2690	1880
2691	1881
2692	1882
2693	1883
2694	1884
2695	1885
2696	1886
2697	1887
2698	1888
2699	1889
27	1890
270	1891
2700	1892
2701	1893
2702	1894
2703	1895
2704	1896
2705	1897
2706	1898
2707	1899
2708	1900
2709	1901
271	1902
2710	1903
2711	1904
2712	1905
2713	1906
2714	1907
2715	1908
2716	1909
2717	1910
2718	1911
2719	1912
272	1913
2720	1914
2721	1915
2722	1916
2723	1917
2724	1918
2725	1919
2726	1920
2727	1921
2728	1922
2729	1923
273	1924
2730	1925
2731	1926
2732	1927
2733	1928
2734	1929
2735	1930
2736	1931
2737	1932
2738	1933
2739	1934
274	1935
2740	1936
2741	1937
2742	1938
2743	1939
2744	1940
2745	1941
2746	1942
2747	1943
2748	1944
2749	1945
275	1946
2750	1947
2751	1948
2752	1949
2753	1950
2754	1951
2755	1952
2756	1953
2757	1954
2758	1955
2759	1956
276	1957
2760	1958
2761	1959
2762	1960
2763	1961
2764	1962
2765	1963
2766	1964
2767	1965
2768	1966
2769	1967
277	1968
2770	1969
2771	1970
2772	1971
2773	1972
2774	1973
2775	1974
2776	1975
2777	1976
2778	1977
2779	1978
278	1979
2780	1980
2781	1981
2782	1982
2783	1983
2784	1984
2785	1985
2786	1986
2787	1987
2788	1988
2789	1989
279	1990
2790	1991
2791	1992
2792	1993
2793	1994
2794	1995
2795	1996
2796	1997
2797	1998
2798	1999
2799	2000
28	2001
280	2002
2800	2003
2801	2004
2802	2005
2803	2006
2804	2007
2805	2008
2806	2009
2807	2010
2808	2011
2809	2012
281	2013
2810	2014
2811	2015
2812	2016
2813	2017
2814	2018
2815	2019
2816	2020
2817	2021
2818	2022
2819	2023
282	2024
2820	2025
2821	2026
2822	2027
2823	2028
2824	2029
2825	2030
2826	2031
2827	2032
2828	2033
2829	2034
283	2035
2830	2036
2831	2037
2832	2038
2833	2039
2834	2040
2835	2041
2836	2042
2837	2043
2838	2044
2839	2045
284	2046
2840	2047
2841	2048
2842	2049
2843	2050
2844	2051
2845	2052
2846	2053
2847	2054
2848	2055
2849	2056
285	2057
2850	2058
2851	2059
2852	2060
2853	2061
2854	2062
2855	2063
2856	2064
2857	2065
2858	2066
2859	2067
286	2068
2860	2069
2861	2070
2862	2071
2863	2072
2864	2073
2865	2074
2866	2075
2867	2076
2868	2077
2869	2078
287	2079
2870	2080
2871	2081
2872	2082
2873	2083
2874	2084
2875	2085
2876	2086
2877	2087
2878	2088
2879	2089
288	2090
2880	2091
2881	2092
2882	2093
2883	2094
2884	2095
2885	2096
2886	2097
2887	2098
2888	2099
2889	2100
289	2101
2890	2102
2891	2103
2892	2104
2893	2105
2894	2106
2895	2107
2896	2108
2897	2109
2898	2110
2899	2111
29	2112
290	2113
2900	2114
2901	2115
2902	2116
2903	2117
2904	2118
2905	2119
2906	2120
2907	2121
2908	2122
2909	2123
291	2124
2910	2125
2911	2126
2912	2127
2913	2128
2914	2129
2915	2130
2916	2131
2917	2132
2918	2133
2919	2134
292	2135
2920	2136
2921	2137
2922	2138
2923	2139
2924	2140
2925	2141
2926	2142
2927	2143
2928	2144
2929	2145
293	2146
2930	2147
2931	2148
2932	2149
2933	2150
2934	2151
2935	2152
2936	2153
2937	2154
2938	2155
2939	2156
294	2157
2940	2158
2941	2159
2942	2160
2943	2161
2944	2162
2945	2163
2946	2164
2947	2165
2948	2166
2949	2167
295	2168
2950	2169
2951	2170
2952	2171
2953	2172
2954	2173
2955	2174
2956	2175
2957	2176
2958	2177
2959	2178
296	2179
2960	2180
2961	2181
2962	2182
2963	2183
2964	2184
2965	2185
2966	2186
2967	2187
2968	2188
2969	2189
297	2190
2970	2191
2971	2192
2972	2193
2973	2194
2974	2195
2975	2196
2976	2197
2977	2198
2978	2199
2979	2200
298	2201
2980	2202
2981	2203
2982	2204
2983	2205
2984	2206
2985	2207
2986	2208
2987	2209
2988	2210
2989	2211
299	2212
2990	2213
2991	2214
2992	2215
2993	2216
2994	2217
2995	2218
2996	2219
2997	2220
2998	2221
2999	2222
3	2223
30	2224
300	2225
3000	2226
3001	2227
3002	2228
3003	2229
3004	2230
3005	2231
3006	2232
3007	2233
3008	2234
3009	2235
301	2236
3010	2237
3011	2238
3012	2239
3013	2240
3014	2241
3015	2242
3016	2243
3017	2244
3018	2245
3019	2246
302	2247
3020	2248
3021	2249
3022	2250
3023	2251
3024	2252
3025	2253
3026	2254
3027	2255
3028	2256
3029	2257
303	2258
3030	2259
3031	2260
3032	2261
3033	2262
3034	2263
3035	2264
3036	2265
3037	2266
3038	2267
3039	2268
304	2269
3040	2270
3041	2271
3042	2272
3043	2273
3044	2274
3045	2275
3046	2276
3047	2277
3048	2278
3049	2279
305	2280
3050	2281
3051	2282
3052	2283
3053	2284
3054	2285
3055	2286
3056	2287
3057	2288
3058	2289
3059	2290
306	2291
3060	2292
3061	2293
3062	2294
3063	2295
3064	2296
3065	2297
3066	2298
3067	2299
3068	2300
3069	2301
307	2302
3070	2303
3071	2304
3072	2305
3073	2306
3074	2307
3075	2308
3076	2309
3077	2310
3078	2311
3079	2312
308	2313
3080	2314
3081	2315
3082	2316
3083	2317
3084	2318
3085	2319
3086	2320
3087	2321
3088	2322
3089	2323
309	2324
3090	2325
3091	2326
3092	2327
3093	2328
3094	2329
3095	2330
3096	2331
3097	2332
3098	2333
3099	2334
31	2335
310	2336
3100	2337
3101	2338
3102	2339
3103	2340
3104	2341
3105	2342
3106	2343
3107	2344
3108	2345
3109	2346
311	2347
3110	2348
3111	2349
3112	2350
3113	2351
3114	2352
3115	2353
3116	2354
3117	2355
3118	2356
3119	2357
312	2358
3120	2359
3121	2360
3122	2361
3123	2362
3124	2363
3125	2364
3126	2365
3127	2366
3128	2367
3129	2368
313	2369
3130	2370
3131	2371
3132	2372
3133	2373
3134	2374
3135	2375
3136	2376
3137	2377
3138	2378
3139	2379
314	2380
3140	2381
3141	2382
3142	2383
3143	2384
3144	2385
3145	2386
3146	2387
3147	2388
3148	2389
3149	2390
315	2391
3150	2392
3151	2393
3152	2394
3153	2395
3154	2396
3155	2397
3156	2398
3157	2399
3158	2400
3159	2401
316	2402
3160	2403
3161	2404
3162	2405
3163	2406
3164	2407
3165	2408
3166	2409
3167	2410
3168	2411
3169	2412
317	2413
3170	2414
3171	2415
3172	2416
3173	2417
3174	2418
3175	2419
3176	2420
3177	2421
3178	2422
3179	2423
318	2424
3180	2425
3181	2426
3182	2427
3183	2428
3184	2429
3185	2430
3186	2431
3187	2432
3188	2433
3189	2434
319	2435
3190	2436
3191	2437
3192	2438
3193	2439
3194	2440
3195	2441
3196	2442
3197	2443
3198	2444
3199	2445
32	2446
320	2447
3200	2448
3201	2449
3202	2450
3203	2451
3204	2452
3205	2453
3206	2454
3207	2455
3208	2456
3209	2457
321	2458
3210	2459
3211	2460
3212	2461
3213	2462
3214	2463
3215	2464
3216	2465
3217	2466
3218	2467
3219	2468
322	2469
3220	2470
3221	2471
3222	2472
3223	2473
3224	2474
3225	2475
3226	2476
3227	2477
3228	2478
3229	2479
323	2480
3230	2481
3231	2482
3232	2483
3233	2484
3234	2485
3235	2486
3236	2487
3237	2488
3238	2489
3239	2490
324	2491
3240	2492
3241	2493
3242	2494
3243	2495
3244	2496
3245	2497
3246	2498
3247	2499
3248	2500
3249	2501
325	2502
3250	2503
3251	2504
3252	2505
3253	2506
3254	2507
3255	2508
3256	2509
3257	2510
3258	2511
3259	2512
326	2513
3260	2514
3261	2515
3262	2516
3263	2517
3264	2518
3265	2519
3266	2520
3267	2521
3268	2522
3269	2523
327	2524
3270	2525
3271	2526
3272	2527
3273	2528
3274	2529
3275	2530
3276	2531
3277	2532
3278	2533
3279	2534
328	2535
3280	2536
3281	2537
3282	2538
3283	2539
3284	2540
3285	2541
3286	2542
3287	2543
3288	2544
3289	2545
329	2546
3290	2547
3291	2548
3292	2549
3293	2550
3294	2551
3295	2552
3296	2553
3297	2554
3298	2555
3299	2556
33	2557
330	2558
3300	2559
3301	2560
3302	2561
3303	2562
3304	2563
3305	2564
3306	2565
3307	2566
3308	2567
3309	2568
331	2569
3310	2570
3311	2571
3312	2572
3313	2573
3314	2574
3315	2575
3316	2576
3317	2577
3318	2578
3319	2579
332	2580
3320	2581
3321	2582
3322	2583
3323	2584
3324	2585
3325	2586
3326	2587
3327	2588
3328	2589
3329	2590
333	2591
3330	2592
3331	2593
3332	2594
3333	2595
3334	2596
3335	2597
3336	2598
3337	2599
3338	2600
3339	2601
334	2602
3340	2603
3341	2604
3342	2605
3343	2606
3344	2607
3345	2608
3346	2609
3347	2610
3348	2611
3349	2612
335	2613
3350	2614
3351	2615
3352	2616
3353	2617
3354	2618
3355	2619
3356	2620
3357	2621
3358	2622
3359	2623
336	2624
3360	2625
3361	2626
3362	2627
3363	2628
3364	2629
3365	2630
3366	2631
3367	2632
3368	2633
3369	2634
337	2635
3370	2636
3371	2637
3372	2638
3373	2639
3374	2640
3375	2641
3376	2642
3377	2643
3378	2644
3379	2645
338	2646
3380	2647
3381	2648
3382	2649
3383	2650
3384	2651
3385	2652
3386	2653
3387	2654
3388	2655
3389	2656
339	2657
3390	2658
3391	2659
3392	2660
3393	2661
3394	2662
3395	2663
3396	2664
3397	2665
3398	2666
3399	2667
34	2668
340	2669
3400	2670
3401	2671
3402	2672
3403	2673
3404	2674
3405	2675
3406	2676
3407	2677
3408	2678
3409	2679
341	2680
3410	2681
3411	2682
3412	2683
3413	2684
3414	2685
3415	2686
3416	2687
3417	2688
3418	2689
3419	2690
342	2691
3420	2692
3421	2693
3422	2694
3423	2695
3424	2696
3425	2697
3426	2698
3427	2699
3428	2700
3429	2701
343	2702
3430	2703
3431	2704
3432	2705
3433	2706
3434	2707
3435	2708
3436	2709
3437	2710
3438	2711
3439	2712
344	2713
3440	2714
3441	2715
3442	2716
3443	2717
3444	2718
3445	2719
3446	2720
3447	2721
3448	2722
3449	2723
345	2724
3450	2725
3451	2726
3452	2727
3453	2728
3454	2729
3455	2730
3456	2731
3457	2732
3458	2733
3459	2734
346	2735
3460	2736
3461	2737
3462	2738
3463	2739
3464	2740
3465	2741
3466	2742
3467	2743
3468	2744
3469	2745
347	2746
3470	2747
3471	2748
3472	2749
3473	2750
3474	2751
3475	2752
3476	2753
3477	2754
3478	2755
3479	2756
348	2757
3480	2758
3481	2759
3482	2760
3483	2761
3484	2762
3485	2763
3486	2764
3487	2765
3488	2766
3489	2767
349	2768
3490	2769
3491	2770
3492	2771
3493	2772
3494	2773
3495	2774
3496	2775
3497	2776
3498	2777
3499	2778
35	2779
350	2780
3500	2781
3501	2782
3502	2783
3503	2784
3504	2785
3505	2786
3506	2787
3507	2788
3508	2789
3509	2790
351	2791
3510	2792
3511	2793
3512	2794
3513	2795
3514	2796
3515	2797
3516	2798
3517	2799
3518	2800
3519	2801
352	2802
3520	2803
3521	2804
3522	2805
3523	2806
3524	2807
3525	2808
3526	2809
3527	2810
3528	2811
3529	2812
353	2813
3530	2814
3531	2815
3532	2816
3533	2817
3534	2818
3535	2819
3536	2820
3537	2821
3538	2822
3539	2823
354	2824
3540	2825
3541	2826
3542	2827
3543	2828
3544	2829
3545	2830
3546	2831
3547	2832
3548	2833
3549	2834
355	2835
3550	2836
3551	2837
3552	2838
3553	2839
3554	2840
3555	2841
3556	2842
3557	2843
3558	2844
3559	2845
356	2846
3560	2847
3561	2848
3562	2849
3563	2850
3564	2851
3565	2852
3566	2853
3567	2854
3568	2855
3569	2856
357	2857
3570	2858
3571	2859
3572	2860
3573	2861
3574	2862
3575	2863
3576	2864
3577	2865
3578	2866
3579	2867
358	2868
3580	2869
3581	2870
3582	2871
3583	2872
3584	2873
3585	2874
3586	2875
3587	2876
3588	2877
3589	2878
359	2879
3590	2880
3591	2881
3592	2882
3593	2883
3594	2884
3595	2885
3596	2886
3597	2887
3598	2888
3599	2889
36	2890
360	2891
3600	2892
3601	2893
3602	2894
3603	2895
3604	2896
3605	2897
3606	2898
3607	2899
3608	2900
3609	2901
361	2902
3610	2903
3611	2904
3612	2905
3613	2906
3614	2907
3615	2908
3616	2909
3617	2910
3618	2911
3619	2912
362	2913
3620	2914
3621	2915
3622	2916
3623	2917
3624	2918
3625	2919
3626	2920
3627	2921
3628	2922
3629	2923
363	2924
3630	2925
3631	2926
3632	2927
3633	2928
3634	2929
3635	2930
3636	2931
3637	2932
3638	2933
3639	2934
364	2935
3640	2936
3641	2937
3642	2938
3643	2939
3644	2940
3645	2941
3646	2942
3647	2943
3648	2944
3649	2945
365	2946
3650	2947
3651	2948
3652	2949
3653	2950
3654	2951
3655	2952
3656	2953
3657	2954
3658	2955
3659	2956
366	2957
3660	2958
3661	2959
3662	2960
3663	2961
3664	2962
3665	2963
3666	2964
3667	2965
3668	2966
3669	2967
367	2968
3670	2969
3671	2970
3672	2971
3673	2972
3674	2973
3675	2974
3676	2975
3677	2976
3678	2977
3679	2978
368	2979
3680	2980
3681	2981
3682	2982
3683	2983
3684	2984
3685	2985
3686	2986
3687	2987
3688	2988
3689	2989
369	2990
3690	2991
3691	2992
3692	2993
3693	2994
3694	2995
3695	2996
3696	2997
3697	2998
3698	2999
3699	3000
37	3001
370	3002
3700	3003
3701	3004
3702	3005
3703	3006
3704	3007
3705	3008
3706	3009
3707	3010
3708	3011
3709	3012
371	3013
3710	3014
3711	3015
3712	3016
3713	3017
3714	3018
3715	3019
3716	3020
3717	3021
3718	3022
3719	3023
372	3024
3720	3025
3721	3026
3722	3027
3723	3028
3724	3029
3725	3030
3726	3031
3727	3032
3728	3033
3729	3034
373	3035
3730	3036
3731	3037
3732	3038
3733	3039
3734	3040
3735	3041
3736	3042
3737	3043
3738	3044
3739	3045
374	3046
3740	3047
3741	3048
3742	3049
3743	3050
3744	3051
3745	3052
3746	3053
3747	3054
3748	3055
3749	3056
375	3057
3750	3058
3751	3059
3752	3060
3753	3061
3754	3062
3755	3063
3756	3064
3757	3065
3758	3066
3759	3067
376	3068
3760	3069
3761	3070
3762	3071
3763	3072
3764	3073
3765	3074
3766	3075
3767	3076
3768	3077
3769	3078
377	3079
3770	3080
3771	3081
3772	3082
3773	3083
3774	3084
3775	3085
3776	3086
3777	3087
3778	3088
3779	3089
378	3090
3780	3091
3781	3092
3782	3093
3783	3094
3784	3095
3785	3096
3786	3097
3787	3098
3788	3099
3789	3100
379	3101
3790	3102
3791	3103
3792	3104
3793	3105
3794	3106
3795	3107
3796	3108
3797	3109
3798	3110
3799	3111
38	3112
380	3113
3800	3114
3801	3115
3802	3116
3803	3117
3804	3118
3805	3119
3806	3120
3807	3121
3808	3122
3809	3123
381	3124
3810	3125
3811	3126
3812	3127
3813	3128
3814	3129
3815	3130
3816	3131
3817	3132
3818	3133
3819	3134
382	3135
3820	3136
3821	3137
3822	3138
3823	3139
3824	3140
3825	3141
3826	3142
3827	3143
3828	3144
3829	3145
383	3146
3830	3147
3831	3148
3832	3149
3833	3150
3834	3151
3835	3152
3836	3153
3837	3154
3838	3155
3839	3156
384	3157
3840	3158
3841	3159
3842	3160
3843	3161
3844	3162
3845	3163
3846	3164
3847	3165
3848	3166
3849	3167
385	3168
3850	3169
3851	3170
3852	3171
3853	3172
3854	3173
3855	3174
3856	3175
3857	3176
3858	3177
3859	3178
386	3179
3860	3180
3861	3181
3862	3182
3863	3183
3864	3184
3865	3185
3866	3186
3867	3187
3868	3188
3869	3189
387	3190
3870	3191
3871	3192
3872	3193
3873	3194
3874	3195
3875	3196
3876	3197
3877	3198
3878	3199
3879	3200
388	3201
3880	3202
3881	3203
3882	3204
3883	3205
3884	3206
3885	3207
3886	3208
3887	3209
3888	3210
3889	3211
389	3212
3890	3213
3891	3214
3892	3215
3893	3216
3894	3217
3895	3218
3896	3219
3897	3220
3898	3221
3899	3222
39	3223
390	3224
3900	3225
3901	3226
3902	3227
3903	3228
3904	3229
3905	3230
3906	3231
3907	3232
3908	3233
3909	3234
391	3235
3910	3236
3911	3237
3912	3238
3913	3239
3914	3240
3915	3241
3916	3242
3917	3243
3918	3244
3919	3245
392	3246
3920	3247
3921	3248
3922	3249
3923	3250
3924	3251
3925	3252
3926	3253
3927	3254
3928	3255
3929	3256
393	3257
3930	3258
3931	3259
3932	3260
3933	3261
3934	3262
3935	3263
3936	3264
3937	3265
3938	3266
3939	3267
394	3268
3940	3269
3941	3270
3942	3271
3943	3272
3944	3273
3945	3274
3946	3275
3947	3276
3948	3277
3949	3278
395	3279
3950	3280
3951	3281
3952	3282
3953	3283
3954	3284
3955	3285
3956	3286
3957	3287
3958	3288
3959	3289
396	3290
3960	3291
3961	3292
3962	3293
3963	3294
3964	3295
3965	3296
3966	3297
3967	3298
3968	3299
3969	3300
397	3301
3970	3302
3971	3303
3972	3304
3973	3305
3974	3306
3975	3307
3976	3308
3977	3309
3978	3310
3979	3311
398	3312
3980	3313
3981	3314
3982	3315
3983	3316
3984	3317
3985	3318
3986	3319
3987	3320
3988	3321
3989	3322
399	3323
3990	3324
3991	3325
3992	3326
3993	3327
3994	3328
3995	3329
3996	3330
3997	3331
3998	3332
3999	3333
4	3334
40	3335
400	3336
4000	3337
4001	3338
4002	3339
4003	3340
4004	3341
4005	3342
4006	3343
4007	3344
4008	3345
4009	3346
401	3347
4010	3348
4011	3349
4012	3350
4013	3351
4014	3352
4015	3353
4016	3354
4017	3355
4018	3356
4019	3357
402	3358
4020	3359
4021	3360
4022	3361
4023	3362
4024	3363
4025	3364
4026	3365
4027	3366
4028	3367
4029	3368
403	3369
4030	3370
4031	3371
4032	3372
4033	3373
4034	3374
4035	3375
4036	3376
4037	3377
4038	3378
4039	3379
404	3380
4040	3381
4041	3382
4042	3383
4043	3384
4044	3385
4045	3386
4046	3387
4047	3388
4048	3389
4049	3390
405	3391
4050	3392
4051	3393
4052	3394
4053	3395
4054	3396
4055	3397
4056	3398
4057	3399
4058	3400
4059	3401
406	3402
4060	3403
4061	3404
4062	3405
4063	3406
4064	3407
4065	3408
4066	3409
4067	3410
4068	3411
4069	3412
407	3413
4070	3414
4071	3415
4072	3416
4073	3417
4074	3418
4075	3419
4076	3420
4077	3421
4078	3422
4079	3423
408	3424
4080	3425
4081	3426
4082	3427
4083	3428
4084	3429
4085	3430
4086	3431
4087	3432
4088	3433
4089	3434
409	3435
4090	3436
4091	3437
4092	3438
4093	3439
4094	3440
4095	3441
4096	3442
4097	3443
4098	3444
4099	3445
41	3446
410	3447
4100	3448
4101	3449
4102	3450
4103	3451
4104	3452
4105	3453
4106	3454
4107	3455
4108	3456
4109	3457
411	3458
4110	3459
4111	3460
4112	3461
4113	3462
4114	3463
4115	3464
4116	3465
4117	3466
4118	3467
4119	3468
412	3469
4120	3470
4121	3471
4122	3472
4123	3473
4124	3474
4125	3475
4126	3476
4127	3477
4128	3478
4129	3479
413	3480
4130	3481
4131	3482
4132	3483
4133	3484
4134	3485
4135	3486
4136	3487
4137	3488
4138	3489
4139	3490
414	3491
4140	3492
4141	3493
4142	3494
4143	3495
4144	3496
4145	3497
4146	3498
4147	3499
4148	3500
4149	3501
415	3502
4150	3503
4151	3504
4152	3505
4153	3506
4154	3507
4155	3508
4156	3509
4157	3510
4158	3511
4159	3512
416	3513
4160	3514
4161	3515
4162	3516
4163	3517
4164	3518
4165	3519
4166	3520
4167	3521
4168	3522
4169	3523
417	3524
4170	3525
4171	3526
4172	3527
4173	3528
4174	3529
4175	3530
4176	3531
4177	3532
4178	3533
4179	3534
418	3535
4180	3536
4181	3537
4182	3538
4183	3539
4184	3540
4185	3541
4186	3542
4187	3543
4188	3544
4189	3545
419	3546
4190	3547
4191	3548
4192	3549
4193	3550
4194	3551
4195	3552
4196	3553
4197	3554
4198	3555
4199	3556
42	3557
420	3558
4200	3559
4201	3560
4202	3561
4203	3562
4204	3563
4205	3564
4206	3565
4207	3566
4208	3567
4209	3568
421	3569
4210	3570
4211	3571
4212	3572
4213	3573
4214	3574
4215	3575
4216	3576
4217	3577
4218	3578
4219	3579
422	3580
4220	3581
4221	3582
4222	3583
4223	3584
4224	3585
4225	3586
4226	3587
4227	3588
4228	3589
4229	3590
423	3591
4230	3592
4231	3593
4232	3594
4233	3595
4234	3596
4235	3597
4236	3598
4237	3599
4238	3600
4239	3601
424	3602
4240	3603
4241	3604
4242	3605
4243	3606
4244	3607
4245	3608
4246	3609
4247	3610
4248	3611
4249	3612
425	3613
4250	3614
4251	3615
4252	3616
4253	3617
4254	3618
4255	3619
4256	3620
4257	3621
4258	3622
4259	3623
426	3624
4260	3625
4261	3626
4262	3627
4263	3628
4264	3629
4265	3630
4266	3631
4267	3632
4268	3633
4269	3634
427	3635
4270	3636
4271	3637
4272	3638
4273	3639
4274	3640
4275	3641
4276	3642
4277	3643
4278	3644
4279	3645
428	3646
4280	3647
4281	3648
4282	3649
4283	3650
4284	3651
4285	3652
4286	3653
4287	3654
4288	3655
4289	3656
429	3657
4290	3658
4291	3659
4292	3660
4293	3661
4294	3662
4295	3663
4296	3664
4297	3665
4298	3666
4299	3667
43	3668
430	3669
4300	3670
4301	3671
4302	3672
4303	3673
4304	3674
4305	3675
4306	3676
4307	3677
4308	3678
4309	3679
431	3680
4310	3681
4311	3682
4312	3683
4313	3684
4314	3685
4315	3686
4316	3687
4317	3688
4318	3689
4319	3690
432	3691
4320	3692
4321	3693
4322	3694
4323	3695
4324	3696
4325	3697
4326	3698
4327	3699
4328	3700
4329	3701
433	3702
4330	3703
4331	3704
4332	3705
4333	3706
4334	3707
4335	3708
4336	3709
4337	3710
4338	3711
4339	3712
434	3713
4340	3714
4341	3715
4342	3716
4343	3717
4344	3718
4345	3719
4346	3720
4347	3721
4348	3722
4349	3723
435	3724
4350	3725
4351	3726
4352	3727
4353	3728
4354	3729
4355	3730
4356	3731
4357	3732
4358	3733
4359	3734
436	3735
4360	3736
4361	3737
4362	3738
4363	3739
4364	3740
4365	3741
4366	3742
4367	3743
4368	3744
4369	3745
437	3746
4370	3747
4371	3748
4372	3749
4373	3750
4374	3751
4375	3752
4376	3753
4377	3754
4378	3755
4379	3756
438	3757
4380	3758
4381	3759
4382	3760
4383	3761
4384	3762
4385	3763
4386	3764
4387	3765
4388	3766
4389	3767
439	3768
4390	3769
4391	3770
4392	3771
4393	3772
4394	3773
4395	3774
4396	3775
4397	3776
4398	3777
4399	3778
44	3779
440	3780
4400	3781
4401	3782
4402	3783
4403	3784
4404	3785
4405	3786
4406	3787
4407	3788
4408	3789
4409	3790
441	3791
4410	3792
4411	3793
4412	3794
4413	3795
4414	3796
4415	3797
4416	3798
4417	3799
4418	3800
4419	3801
442	3802
4420	3803
4421	3804
4422	3805
4423	3806
4424	3807
4425	3808
4426	3809
4427	3810
4428	3811
4429	3812
443	3813
4430	3814
4431	3815
4432	3816
4433	3817
4434	3818
4435	3819
4436	3820
4437	3821
4438	3822
4439	3823
444	3824
4440	3825
4441	3826
4442	3827
4443	3828
4444	3829
4445	3830
4446	3831
4447	3832
4448	3833
4449	3834
445	3835
4450	3836
4451	3837
4452	3838
4453	3839
4454	3840
4455	3841
4456	3842
4457	3843
4458	3844
4459	3845
446	3846
4460	3847
4461	3848
4462	3849
4463	3850
4464	3851
4465	3852
4466	3853
4467	3854
4468	3855
4469	3856
447	3857
4470	3858
4471	3859
4472	3860
4473	3861
4474	3862
4475	3863
4476	3864
4477	3865
4478	3866
4479	3867
448	3868
4480	3869
4481	3870
4482	3871
4483	3872
4484	3873
4485	3874
4486	3875
4487	3876
4488	3877
4489	3878
449	3879
4490	3880
4491	3881
4492	3882
4493	3883
4494	3884
4495	3885
4496	3886
4497	3887
4498	3888
4499	3889
45	3890
450	3891
4500	3892
4501	3893
4502	3894
4503	3895
4504	3896
4505	3897
4506	3898
4507	3899
4508	3900
4509	3901
451	3902
4510	3903
4511	3904
4512	3905
4513	3906
4514	3907
4515	3908
4516	3909
4517	3910
4518	3911
4519	3912
452	3913
4520	3914
4521	3915
4522	3916
4523	3917
4524	3918
4525	3919
4526	3920
4527	3921
4528	3922
4529	3923
453	3924
4530	3925
4531	3926
4532	3927
4533	3928
4534	3929
4535	3930
4536	3931
4537	3932
4538	3933
4539	3934
454	3935
4540	3936
4541	3937
4542	3938
4543	3939
4544	3940
4545	3941
4546	3942
4547	3943
4548	3944
4549	3945
455	3946
4550	3947
4551	3948
4552	3949
4553	3950
4554	3951
4555	3952
4556	3953
4557	3954
4558	3955
4559	3956
456	3957
4560	3958
4561	3959
4562	3960
4563	3961
4564	3962
4565	3963
4566	3964
4567	3965
4568	3966
4569	3967
457	3968
4570	3969
4571	3970
4572	3971
4573	3972
4574	3973
4575	3974
4576	3975
4577	3976
4578	3977
4579	3978
458	3979
4580	3980
4581	3981
4582	3982
4583	3983
4584	3984
4585	3985
4586	3986
4587	3987
4588	3988
4589	3989
459	3990
4590	3991
4591	3992
4592	3993
4593	3994
4594	3995
4595	3996
4596	3997
4597	3998
4598	3999
4599	4000
46	4001
460	4002
4600	4003
4601	4004
4602	4005
4603	4006
4604	4007
4605	4008
4606	4009
4607	4010
4608	4011
4609	4012
461	4013
4610	4014
4611	4015
4612	4016
4613	4017
4614	4018
4615	4019
4616	4020
4617	4021
4618	4022
4619	4023
462	4024
4620	4025
4621	4026
4622	4027
4623	4028
4624	4029
4625	4030
4626	4031
4627	4032
4628	4033
4629	4034
463	4035
4630	4036
4631	4037
4632	4038
4633	4039
4634	4040
4635	4041
4636	4042
4637	4043
4638	4044
4639	4045
464	4046
4640	4047
4641	4048
4642	4049
4643	4050
4644	4051
4645	4052
4646	4053
4647	4054
4648	4055
4649	4056
465	4057
4650	4058
4651	4059
4652	4060
4653	4061
4654	4062
4655	4063
4656	4064
4657	4065
4658	4066
4659	4067
466	4068
4660	4069
4661	4070
4662	4071
4663	4072
4664	4073
4665	4074
4666	4075
4667	4076
4668	4077
4669	4078
467	4079
4670	4080
4671	4081
4672	4082
4673	4083
4674	4084
4675	4085
4676	4086
4677	4087
4678	4088
4679	4089
468	4090
4680	4091
4681	4092
4682	4093
4683	4094
4684	4095
4685	4096
4686	4097
4687	4098
4688	4099
4689	4100
469	4101
4690	4102
4691	4103
4692	4104
4693	4105
4694	4106
4695	4107
4696	4108
4697	4109
4698	4110
4699	4111
47	4112
470	4113
4700	4114
4701	4115
4702	4116
4703	4117
4704	4118
4705	4119
4706	4120
4707	4121
4708	4122
4709	4123
471	4124
4710	4125
4711	4126
4712	4127
4713	4128
4714	4129
4715	4130
4716	4131
4717	4132
4718	4133
4719	4134
472	4135
4720	4136
4721	4137
4722	4138
4723	4139
4724	4140
4725	4141
4726	4142
4727	4143
4728	4144
4729	4145
473	4146
4730	4147
4731	4148
4732	4149
4733	4150
4734	4151
4735	4152
4736	4153
4737	4154
4738	4155
4739	4156
474	4157
4740	4158
4741	4159
4742	4160
4743	4161
4744	4162
4745	4163
4746	4164
4747	4165
4748	4166
4749	4167
475	4168
4750	4169
4751	4170
4752	4171
4753	4172
4754	4173
4755	4174
4756	4175
4757	4176
4758	4177
4759	4178
476	4179
4760	4180
4761	4181
4762	4182
4763	4183
4764	4184
4765	4185
4766	4186
4767	4187
4768	4188
4769	4189
477	4190
4770	4191
4771	4192
4772	4193
4773	4194
4774	4195
4775	4196
4776	4197
4777	4198
4778	4199
4779	4200
478	4201
4780	4202
4781	4203
4782	4204
4783	4205
4784	4206
4785	4207
4786	4208
4787	4209
4788	4210
4789	4211
479	4212
4790	4213
4791	4214
4792	4215
4793	4216
4794	4217
4795	4218
4796	4219
4797	4220
4798	4221
4799	4222
48	4223
480	4224
4800	4225
4801	4226
4802	4227
4803	4228
4804	4229
4805	4230
4806	4231
4807	4232
4808	4233
4809	4234
481	4235
4810	4236
4811	4237
4812	4238
4813	4239
4814	4240
4815	4241
4816	4242
4817	4243
4818	4244
4819	4245
482	4246
4820	4247
4821	4248
4822	4249
4823	4250
4824	4251
4825	4252
4826	4253
4827	4254
4828	4255
4829	4256
483	4257
4830	4258
4831	4259
4832	4260
4833	4261
4834	4262
4835	4263
4836	4264
4837	4265
4838	4266
4839	4267
484	4268
4840	4269
4841	4270
4842	4271
4843	4272
4844	4273
4845	4274
4846	4275
4847	4276
4848	4277
4849	4278
485	4279
4850	4280
4851	4281
4852	4282
4853	4283
4854	4284
4855	4285
4856	4286
4857	4287
4858	4288
4859	4289
486	4290
4860	4291
4861	4292
4862	4293
4863	4294
4864	4295
4865	4296
4866	4297
4867	4298
4868	4299
4869	4300
487	4301
4870	4302
4871	4303
4872	4304
4873	4305
4874	4306
4875	4307
4876	4308
4877	4309
4878	4310
4879	4311
488	4312
4880	4313
4881	4314
4882	4315
4883	4316
4884	4317
4885	4318
4886	4319
4887	4320
4888	4321
4889	4322
489	4323
4890	4324
4891	4325
4892	4326
4893	4327
4894	4328
4895	4329
4896	4330
4897	4331
4898	4332
4899	4333
49	4334
490	4335
4900	4336
4901	4337
4902	4338
4903	4339
4904	4340
4905	4341
4906	4342
4907	4343
4908	4344
4909	4345
491	4346
4910	4347
4911	4348
4912	4349
4913	4350
4914	4351
4915	4352
4916	4353
4917	4354
4918	4355
4919	4356
492	4357
4920	4358
4921	4359
4922	4360
4923	4361
4924	4362
4925	4363
4926	4364
4927	4365
4928	4366
4929	4367
493	4368
4930	4369
4931	4370
4932	4371
4933	4372
4934	4373
4935	4374
4936	4375
4937	4376
4938	4377
4939	4378
494	4379
4940	4380
4941	4381
4942	4382
4943	4383
4944	4384
4945	4385
4946	4386
4947	4387
4948	4388
4949	4389
495	4390
4950	4391
4951	4392
4952	4393
4953	4394
4954	4395
4955	4396
4956	4397
4957	4398
4958	4399
4959	4400
496	4401
4960	4402
4961	4403
4962	4404
4963	4405
4964	4406
4965	4407
4966	4408
4967	4409
4968	4410
4969	4411
497	4412
4970	4413
4971	4414
4972	4415
4973	4416
4974	4417
4975	4418
4976	4419
4977	4420
4978	4421
4979	4422
498	4423
4980	4424
4981	4425
4982	4426
4983	4427
4984	4428
4985	4429
4986	4430
4987	4431
4988	4432
4989	4433
499	4434
4990	4435
4991	4436
4992	4437
4993	4438
4994	4439
4995	4440
4996	4441
4997	4442
4998	4443
4999	4444
5	4445
50	4446
500	4447
5000	4448
5001	4449
5002	4450
5003	4451
5004	4452
5005	4453
5006	4454
5007	4455
5008	4456
5009	4457
501	4458
5010	4459
5011	4460
5012	4461
5013	4462
5014	4463
5015	4464
5016	4465
5017	4466
5018	4467
5019	4468
502	4469
5020	4470
5021	4471
5022	4472
5023	4473
5024	4474
5025	4475
5026	4476
5027	4477
5028	4478
5029	4479
503	4480
5030	4481
5031	4482
5032	4483
5033	4484
5034	4485
5035	4486
5036	4487
5037	4488
5038	4489
5039	4490
504	4491
5040	4492
5041	4493
5042	4494
5043	4495
5044	4496
5045	4497
5046	4498
5047	4499
5048	4500
5049	4501
505	4502
5050	4503
5051	4504
5052	4505
5053	4506
5054	4507
5055	4508
5056	4509
5057	4510
5058	4511
5059	4512
506	4513
5060	4514
5061	4515
5062	4516
5063	4517
5064	4518
5065	4519
5066	4520
5067	4521
5068	4522
5069	4523
507	4524
5070	4525
5071	4526
5072	4527
5073	4528
5074	4529
5075	4530
5076	4531
5077	4532
5078	4533
5079	4534
508	4535
5080	4536
5081	4537
5082	4538
5083	4539
5084	4540
5085	4541
5086	4542
5087	4543
5088	4544
5089	4545
509	4546
5090	4547
5091	4548
5092	4549
5093	4550
5094	4551
5095	4552
5096	4553
5097	4554
5098	4555
5099	4556
51	4557
510	4558
5100	4559
5101	4560
5102	4561
5103	4562
5104	4563
5105	4564
5106	4565
5107	4566
5108	4567
5109	4568
511	4569
5110	4570
5111	4571
5112	4572
5113	4573
5114	4574
5115	4575
5116	4576
5117	4577
5118	4578
5119	4579
512	4580
5120	4581
5121	4582
5122	4583
5123	4584
5124	4585
5125	4586
5126	4587
5127	4588
5128	4589
5129	4590
513	4591
5130	4592
5131	4593
5132	4594
5133	4595
5134	4596
5135	4597
5136	4598
5137	4599
5138	4600
5139	4601
514	4602
5140	4603
5141	4604
5142	4605
5143	4606
5144	4607
5145	4608
5146	4609
5147	4610
5148	4611
5149	4612
515	4613
5150	4614
5151	4615
5152	4616
5153	4617
5154	4618
5155	4619
5156	4620
5157	4621
5158	4622
5159	4623
516	4624
5160	4625
5161	4626
5162	4627
5163	4628
5164	4629
5165	4630
5166	4631
5167	4632
5168	4633
5169	4634
517	4635
5170	4636
5171	4637
5172	4638
5173	4639
5174	4640
5175	4641
5176	4642
5177	4643
5178	4644
5179	4645
518	4646
5180	4647
5181	4648
5182	4649
5183	4650
5184	4651
5185	4652
5186	4653
5187	4654
5188	4655
5189	4656
519	4657
5190	4658
5191	4659
5192	4660
5193	4661
5194	4662
5195	4663
5196	4664
5197	4665
5198	4666
5199	4667
52	4668
520	4669
5200	4670
5201	4671
5202	4672
5203	4673
5204	4674
5205	4675
5206	4676
5207	4677
5208	4678
5209	4679
521	4680
5210	4681
5211	4682
5212	4683
5213	4684
5214	4685
5215	4686
5216	4687
5217	4688
5218	4689
5219	4690
522	4691
5220	4692
5221	4693
5222	4694
5223	4695
5224	4696
5225	4697
5226	4698
5227	4699
5228	4700
5229	4701
523	4702
5230	4703
5231	4704
5232	4705
5233	4706
5234	4707
5235	4708
5236	4709
5237	4710
5238	4711
5239	4712
524	4713
5240	4714
5241	4715
5242	4716
5243	4717
5244	4718
5245	4719
5246	4720
5247	4721
5248	4722
5249	4723
525	4724
5250	4725
5251	4726
5252	4727
5253	4728
5254	4729
5255	4730
5256	4731
5257	4732
5258	4733
5259	4734
526	4735
5260	4736
5261	4737
5262	4738
5263	4739
5264	4740
5265	4741
5266	4742
5267	4743
5268	4744
5269	4745
527	4746
5270	4747
5271	4748
5272	4749
5273	4750
5274	4751
5275	4752
5276	4753
5277	4754
5278	4755
5279	4756
528	4757
5280	4758
5281	4759
5282	4760
5283	4761
5284	4762
5285	4763
5286	4764
5287	4765
5288	4766
5289	4767
529	4768
5290	4769
5291	4770
5292	4771
5293	4772
5294	4773
5295	4774
5296	4775
5297	4776
5298	4777
5299	4778
53	4779
530	4780
5300	4781
5301	4782
5302	4783
5303	4784
5304	4785
5305	4786
5306	4787
5307	4788
5308	4789
5309	4790
531	4791
5310	4792
5311	4793
5312	4794
5313	4795
5314	4796
5315	4797
5316	4798
5317	4799
5318	4800
5319	4801
532	4802
5320	4803
5321	4804
5322	4805
5323	4806
5324	4807
5325	4808
5326	4809
5327	4810
5328	4811
5329	4812
533	4813
5330	4814
5331	4815
5332	4816
5333	4817
5334	4818
5335	4819
5336	4820
5337	4821
5338	4822
5339	4823
534	4824
5340	4825
5341	4826
5342	4827
5343	4828
5344	4829
5345	4830
5346	4831
5347	4832
5348	4833
5349	4834
535	4835
5350	4836
5351	4837
5352	4838
5353	4839
5354	4840
5355	4841
5356	4842
5357	4843
5358	4844
5359	4845
536	4846
5360	4847
5361	4848
5362	4849
5363	4850
5364	4851
5365	4852
5366	4853
5367	4854
5368	4855
5369	4856
537	4857
5370	4858
5371	4859
5372	4860
5373	4861
5374	4862
5375	4863
5376	4864
5377	4865
5378	4866
5379	4867
538	4868
5380	4869
5381	4870
5382	4871
5383	4872
5384	4873
5385	4874
5386	4875
5387	4876
5388	4877
5389	4878
539	4879
5390	4880
5391	4881
5392	4882
5393	4883
5394	4884
5395	4885
5396	4886
5397	4887
5398	4888
5399	4889
54	4890
540	4891
5400	4892
5401	4893
5402	4894
5403	4895
5404	4896
5405	4897
5406	4898
5407	4899
5408	4900
5409	4901
541	4902
5410	4903
5411	4904
5412	4905
5413	4906
5414	4907
5415	4908
5416	4909
5417	4910
5418	4911
5419	4912
542	4913
5420	4914
5421	4915
5422	4916
5423	4917
5424	4918
5425	4919
5426	4920
5427	4921
5428	4922
5429	4923
543	4924
5430	4925
5431	4926
5432	4927
5433	4928
5434	4929
5435	4930
5436	4931
5437	4932
5438	4933
5439	4934
544	4935
5440	4936
5441	4937
5442	4938
5443	4939
5444	4940
5445	4941
5446	4942
5447	4943
5448	4944
5449	4945
545	4946
5450	4947
5451	4948
5452	4949
5453	4950
5454	4951
5455	4952
5456	4953
5457	4954
5458	4955
5459	4956
546	4957
5460	4958
5461	4959
5462	4960
5463	4961
5464	4962
5465	4963
5466	4964
5467	4965
5468	4966
5469	4967
547	4968
5470	4969
5471	4970
5472	4971
5473	4972
5474	4973
5475	4974
5476	4975
5477	4976
5478	4977
5479	4978
548	4979
5480	4980
5481	4981
5482	4982
5483	4983
5484	4984
5485	4985
5486	4986
5487	4987
5488	4988
5489	4989
549	4990
5490	4991
5491	4992
5492	4993
5493	4994
5494	4995
5495	4996
5496	4997
5497	4998
5498	4999
5499	5000
55	5001
550	5002
5500	5003
5501	5004
5502	5005
5503	5006
5504	5007
5505	5008
5506	5009
5507	5010
5508	5011
5509	5012
551	5013
5510	5014
5511	5015
5512	5016
5513	5017
5514	5018
5515	5019
5516	5020
5517	5021
5518	5022
5519	5023
552	5024
5520	5025
5521	5026
5522	5027
5523	5028
5524	5029
5525	5030
5526	5031
5527	5032
5528	5033
5529	5034
553	5035
5530	5036
5531	5037
5532	5038
5533	5039
5534	5040
5535	5041
5536	5042
5537	5043
5538	5044
5539	5045
554	5046
5540	5047
5541	5048
5542	5049
5543	5050
5544	5051
5545	5052
5546	5053
5547	5054
5548	5055
5549	5056
555	5057
5550	5058
5551	5059
5552	5060
5553	5061
5554	5062
5555	5063
5556	5064
5557	5065
5558	5066
5559	5067
556	5068
5560	5069
5561	5070
5562	5071
5563	5072
5564	5073
5565	5074
5566	5075
5567	5076
5568	5077
5569	5078
557	5079
5570	5080
5571	5081
5572	5082
5573	5083
5574	5084
5575	5085
5576	5086
5577	5087
5578	5088
5579	5089
558	5090
5580	5091
5581	5092
5582	5093
5583	5094
5584	5095
5585	5096
5586	5097
5587	5098
5588	5099
5589	5100
559	5101
5590	5102
5591	5103
5592	5104
5593	5105
5594	5106
5595	5107
5596	5108
5597	5109
5598	5110
5599	5111
56	5112
560	5113
5600	5114
5601	5115
5602	5116
5603	5117
5604	5118
5605	5119
5606	5120
5607	5121
5608	5122
5609	5123
561	5124
5610	5125
5611	5126
5612	5127
5613	5128
5614	5129
5615	5130
5616	5131
5617	5132
5618	5133
5619	5134
562	5135
5620	5136
5621	5137
5622	5138
5623	5139
5624	5140
5625	5141
5626	5142
5627	5143
5628	5144
5629	5145
563	5146
5630	5147
5631	5148
5632	5149
5633	5150
5634	5151
5635	5152
5636	5153
5637	5154
5638	5155
5639	5156
564	5157
5640	5158
5641	5159
5642	5160
5643	5161
5644	5162
5645	5163
5646	5164
5647	5165
5648	5166
5649	5167
565	5168
5650	5169
5651	5170
5652	5171
5653	5172
5654	5173
5655	5174
5656	5175
5657	5176
5658	5177
5659	5178
566	5179
5660	5180
5661	5181
5662	5182
5663	5183
5664	5184
5665	5185
5666	5186
5667	5187
5668	5188
5669	5189
567	5190
5670	5191
5671	5192
5672	5193
5673	5194
5674	5195
5675	5196
5676	5197
5677	5198
5678	5199
5679	5200
568	5201
5680	5202
5681	5203
5682	5204
5683	5205
5684	5206
5685	5207
5686	5208
5687	5209
5688	5210
5689	5211
569	5212
5690	5213
5691	5214
5692	5215
5693	5216
5694	5217
5695	5218
5696	5219
5697	5220
5698	5221
5699	5222
57	5223
570	5224
5700	5225
5701	5226
5702	5227
5703	5228
5704	5229
5705	5230
5706	5231
5707	5232
5708	5233
5709	5234
571	5235
5710	5236
5711	5237
5712	5238
5713	5239
5714	5240
5715	5241
5716	5242
5717	5243
5718	5244
5719	5245
572	5246
5720	5247
5721	5248
5722	5249
5723	5250
5724	5251
5725	5252
5726	5253
5727	5254
5728	5255
5729	5256
573	5257
5730	5258
5731	5259
5732	5260
5733	5261
5734	5262
5735	5263
5736	5264
5737	5265
5738	5266
5739	5267
574	5268
5740	5269
5741	5270
5742	5271
5743	5272
5744	5273
5745	5274
5746	5275
5747	5276
5748	5277
5749	5278
575	5279
5750	5280
5751	5281
5752	5282
5753	5283
5754	5284
5755	5285
5756	5286
5757	5287
5758	5288
5759	5289
576	5290
5760	5291
5761	5292
5762	5293
5763	5294
5764	5295
5765	5296
5766	5297
5767	5298
5768	5299
5769	5300
577	5301
5770	5302
5771	5303
5772	5304
5773	5305
5774	5306
5775	5307
5776	5308
5777	5309
5778	5310
5779	5311
578	5312
5780	5313
5781	5314
5782	5315
5783	5316
5784	5317
5785	5318
5786	5319
5787	5320
5788	5321
5789	5322
579	5323
5790	5324
5791	5325
5792	5326
5793	5327
5794	5328
5795	5329
5796	5330
5797	5331
5798	5332
5799	5333
58	5334
580	5335
5800	5336
5801	5337
5802	5338
5803	5339
5804	5340
5805	5341
5806	5342
5807	5343
5808	5344
5809	5345
581	5346
5810	5347
5811	5348
5812	5349
5813	5350
5814	5351
5815	5352
5816	5353
5817	5354
5818	5355
5819	5356
582	5357
5820	5358
5821	5359
5822	5360
5823	5361
5824	5362
5825	5363
5826	5364
5827	5365
5828	5366
5829	5367
583	5368
5830	5369
5831	5370
5832	5371
5833	5372
5834	5373
5835	5374
5836	5375
5837	5376
5838	5377
5839	5378
584	5379
5840	5380
5841	5381
5842	5382
5843	5383
5844	5384
5845	5385
5846	5386
5847	5387
5848	5388
5849	5389
585	5390
5850	5391
5851	5392
5852	5393
5853	5394
5854	5395
5855	5396
5856	5397
5857	5398
5858	5399
5859	5400
586	5401
5860	5402
5861	5403
5862	5404
5863	5405
5864	5406
5865	5407
5866	5408
5867	5409
5868	5410
5869	5411
587	5412
5870	5413
5871	5414
5872	5415
5873	5416
5874	5417
5875	5418
5876	5419
5877	5420
5878	5421
5879	5422
588	5423
5880	5424
5881	5425
5882	5426
5883	5427
5884	5428
5885	5429
5886	5430
5887	5431
5888	5432
5889	5433
589	5434
5890	5435
5891	5436
5892	5437
5893	5438
5894	5439
5895	5440
5896	5441
5897	5442
5898	5443
5899	5444
59	5445
590	5446
5900	5447
5901	5448
5902	5449
5903	5450
5904	5451
5905	5452
5906	5453
5907	5454
5908	5455
5909	5456
591	5457
5910	5458
5911	5459
5912	5460
5913	5461
5914	5462
5915	5463
5916	5464
5917	5465
5918	5466
5919	5467
592	5468
5920	5469
5921	5470
5922	5471
5923	5472
5924	5473
5925	5474
5926	5475
5927	5476
5928	5477
5929	5478
593	5479
5930	5480
5931	5481
5932	5482
5933	5483
5934	5484
5935	5485
5936	5486
5937	5487
5938	5488
5939	5489
594	5490
5940	5491
5941	5492
5942	5493
5943	5494
5944	5495
5945	5496
5946	5497
5947	5498
5948	5499
5949	5500
595	5501
5950	5502
5951	5503
5952	5504
5953	5505
5954	5506
5955	5507
5956	5508
5957	5509
5958	5510
5959	5511
596	5512
5960	5513
5961	5514
5962	5515
5963	5516
5964	5517
5965	5518
5966	5519
5967	5520
5968	5521
5969	5522
597	5523
5970	5524
5971	5525
5972	5526
5973	5527
5974	5528
5975	5529
5976	5530
5977	5531
5978	5532
5979	5533
598	5534
5980	5535
5981	5536
5982	5537
5983	5538
5984	5539
5985	5540
5986	5541
5987	5542
5988	5543
5989	5544
599	5545
5990	5546
5991	5547
5992	5548
5993	5549
5994	5550
5995	5551
5996	5552
5997	5553
5998	5554
5999	5555
6	5556
60	5557
600	5558
6000	5559
6001	5560
6002	5561
6003	5562
6004	5563
6005	5564
6006	5565
6007	5566
6008	5567
6009	5568
601	5569
6010	5570
6011	5571
6012	5572
6013	5573
6014	5574
6015	5575
6016	5576
6017	5577
6018	5578
6019	5579
602	5580
6020	5581
6021	5582
6022	5583
6023	5584
6024	5585
6025	5586
6026	5587
6027	5588
6028	5589
6029	5590
603	5591
6030	5592
6031	5593
6032	5594
6033	5595
6034	5596
6035	5597
6036	5598
6037	5599
6038	5600
6039	5601
604	5602
6040	5603
6041	5604
6042	5605
6043	5606
6044	5607
6045	5608
6046	5609
6047	5610
6048	5611
6049	5612
605	5613
6050	5614
6051	5615
6052	5616
6053	5617
6054	5618
6055	5619
6056	5620
6057	5621
6058	5622
6059	5623
606	5624
6060	5625
6061	5626
6062	5627
6063	5628
6064	5629
6065	5630
6066	5631
6067	5632
6068	5633
6069	5634
607	5635
6070	5636
6071	5637
6072	5638
6073	5639
6074	5640
6075	5641
6076	5642
6077	5643
6078	5644
6079	5645
608	5646
6080	5647
6081	5648
6082	5649
6083	5650
6084	5651
6085	5652
6086	5653
6087	5654
6088	5655
6089	5656
609	5657
6090	5658
6091	5659
6092	5660
6093	5661
6094	5662
6095	5663
6096	5664
6097	5665
6098	5666
6099	5667
61	5668
610	5669
6100	5670
6101	5671
6102	5672
6103	5673
6104	5674
6105	5675
6106	5676
6107	5677
6108	5678
6109	5679
611	5680
6110	5681
6111	5682
6112	5683
6113	5684
6114	5685
6115	5686
6116	5687
6117	5688
6118	5689
6119	5690
612	5691
6120	5692
6121	5693
6122	5694
6123	5695
6124	5696
6125	5697
6126	5698
6127	5699
6128	5700
6129	5701
613	5702
6130	5703
6131	5704
6132	5705
6133	5706
6134	5707
6135	5708
6136	5709
6137	5710
6138	5711
6139	5712
614	5713
6140	5714
6141	5715
6142	5716
6143	5717
6144	5718
6145	5719
6146	5720
6147	5721
6148	5722
6149	5723
615	5724
6150	5725
6151	5726
6152	5727
6153	5728
6154	5729
6155	5730
6156	5731
6157	5732
6158	5733
6159	5734
616	5735
6160	5736
6161	5737
6162	5738
6163	5739
6164	5740
6165	5741
6166	5742
6167	5743
6168	5744
6169	5745
617	5746
6170	5747
6171	5748
6172	5749
6173	5750
6174	5751
6175	5752
6176	5753
6177	5754
6178	5755
6179	5756
618	5757
6180	5758
6181	5759
6182	5760
6183	5761
6184	5762
6185	5763
6186	5764
6187	5765
6188	5766
6189	5767
619	5768
6190	5769
6191	5770
6192	5771
6193	5772
6194	5773
6195	5774
6196	5775
6197	5776
6198	5777
6199	5778
62	5779
620	5780
6200	5781
6201	5782
6202	5783
6203	5784
6204	5785
6205	5786
6206	5787
6207	5788
6208	5789
6209	5790
621	5791
6210	5792
6211	5793
6212	5794
6213	5795
6214	5796
6215	5797
6216	5798
6217	5799
6218	5800
6219	5801
622	5802
6220	5803
6221	5804
6222	5805
6223	5806
6224	5807
6225	5808
6226	5809
6227	5810
6228	5811
6229	5812
623	5813
6230	5814
6231	5815
6232	5816
6233	5817
6234	5818
6235	5819
6236	5820
6237	5821
6238	5822
6239	5823
624	5824
6240	5825
6241	5826
6242	5827
6243	5828
6244	5829
6245	5830
6246	5831
6247	5832
6248	5833
6249	5834
625	5835
6250	5836
6251	5837
6252	5838
6253	5839
6254	5840
6255	5841
6256	5842
6257	5843
6258	5844
6259	5845
626	5846
6260	5847
6261	5848
6262	5849
6263	5850
6264	5851
6265	5852
6266	5853
6267	5854
6268	5855
6269	5856
627	5857
6270	5858
6271	5859
6272	5860
6273	5861
6274	5862
6275	5863
6276	5864
6277	5865
6278	5866
6279	5867
628	5868
6280	5869
6281	5870
6282	5871
6283	5872
6284	5873
6285	5874
6286	5875
6287	5876
6288	5877
6289	5878
629	5879
6290	5880
6291	5881
6292	5882
6293	5883
6294	5884
6295	5885
6296	5886
6297	5887
6298	5888
6299	5889
63	5890
630	5891
6300	5892
6301	5893
6302	5894
6303	5895
6304	5896
6305	5897
6306	5898
6307	5899
6308	5900
6309	5901
631	5902
6310	5903
6311	5904
6312	5905
6313	5906
6314	5907
6315	5908
6316	5909
6317	5910
6318	5911
6319	5912
632	5913
6320	5914
6321	5915
6322	5916
6323	5917
6324	5918
6325	5919
6326	5920
6327	5921
6328	5922
6329	5923
633	5924
6330	5925
6331	5926
6332	5927
6333	5928
6334	5929
6335	5930
6336	5931
6337	5932
6338	5933
6339	5934
634	5935
6340	5936
6341	5937
6342	5938
6343	5939
6344	5940
6345	5941
6346	5942
6347	5943
6348	5944
6349	5945
635	5946
6350	5947
6351	5948
6352	5949
6353	5950
6354	5951
6355	5952
6356	5953
6357	5954
6358	5955
6359	5956
636	5957
6360	5958
6361	5959
6362	5960
6363	5961
6364	5962
6365	5963
6366	5964
6367	5965
6368	5966
6369	5967
637	5968
6370	5969
6371	5970
6372	5971
6373	5972
6374	5973
6375	5974
6376	5975
6377	5976
6378	5977
6379	5978
638	5979
6380	5980
6381	5981
6382	5982
6383	5983
6384	5984
6385	5985
6386	5986
6387	5987
6388	5988
6389	5989
639	5990
6390	5991
6391	5992
6392	5993
6393	5994
6394	5995
6395	5996
6396	5997
6397	5998
6398	5999
6399	6000
64	6001
640	6002
6400	6003
6401	6004
6402	6005
6403	6006
6404	6007
6405	6008
6406	6009
6407	6010
6408	6011
6409	6012
641	6013
6410	6014
6411	6015
6412	6016
6413	6017
6414	6018
6415	6019
6416	6020
6417	6021
6418	6022
6419	6023
642	6024
6420	6025
6421	6026
6422	6027
6423	6028
6424	6029
6425	6030
6426	6031
6427	6032
6428	6033
6429	6034
643	6035
6430	6036
6431	6037
6432	6038
6433	6039
6434	6040
6435	6041
6436	6042
6437	6043
6438	6044
6439	6045
644	6046
6440	6047
6441	6048
6442	6049
6443	6050
6444	6051
6445	6052
6446	6053
6447	6054
6448	6055
6449	6056
645	6057
6450	6058
6451	6059
6452	6060
6453	6061
6454	6062
6455	6063
6456	6064
6457	6065
6458	6066
6459	6067
646	6068
6460	6069
6461	6070
6462	6071
6463	6072
6464	6073
6465	6074
6466	6075
6467	6076
6468	6077
6469	6078
647	6079
6470	6080
6471	6081
6472	6082
6473	6083
6474	6084
6475	6085
6476	6086
6477	6087
6478	6088
6479	6089
648	6090
6480	6091
6481	6092
6482	6093
6483	6094
6484	6095
6485	6096
6486	6097
6487	6098
6488	6099
6489	6100
649	6101
6490	6102
6491	6103
6492	6104
6493	6105
6494	6106
6495	6107
6496	6108
6497	6109
6498	6110
6499	6111
65	6112
650	6113
6500	6114
6501	6115
6502	6116
6503	6117
6504	6118
6505	6119
6506	6120
6507	6121
6508	6122
6509	6123
651	6124
6510	6125
6511	6126
6512	6127
6513	6128
6514	6129
6515	6130
6516	6131
6517	6132
6518	6133
6519	6134
652	6135
6520	6136
6521	6137
6522	6138
6523	6139
6524	6140
6525	6141
6526	6142
6527	6143
6528	6144
6529	6145
653	6146
6530	6147
6531	6148
6532	6149
6533	6150
6534	6151
6535	6152
6536	6153
6537	6154
6538	6155
6539	6156
654	6157
6540	6158
6541	6159
6542	6160
6543	6161
6544	6162
6545	6163
6546	6164
6547	6165
6548	6166
6549	6167
655	6168
6550	6169
6551	6170
6552	6171
6553	6172
6554	6173
6555	6174
6556	6175
6557	6176
6558	6177
6559	6178
656	6179
6560	6180
6561	6181
6562	6182
6563	6183
6564	6184
6565	6185
6566	6186
6567	6187
6568	6188
6569	6189
657	6190
6570	6191
6571	6192
6572	6193
6573	6194
6574	6195
6575	6196
6576	6197
6577	6198
6578	6199
6579	6200
658	6201
6580	6202
6581	6203
6582	6204
6583	6205
6584	6206
6585	6207
6586	6208
6587	6209
6588	6210
6589	6211
659	6212
6590	6213
6591	6214
6592	6215
6593	6216
6594	6217
6595	6218
6596	6219
6597	6220
6598	6221
6599	6222
66	6223
660	6224
6600	6225
6601	6226
6602	6227
6603	6228
6604	6229
6605	6230
6606	6231
6607	6232
6608	6233
6609	6234
661	6235
6610	6236
6611	6237
6612	6238
6613	6239
6614	6240
6615	6241
6616	6242
6617	6243
6618	6244
6619	6245
662	6246
6620	6247
6621	6248
6622	6249
6623	6250
6624	6251
6625	6252
6626	6253
6627	6254
6628	6255
6629	6256
663	6257
6630	6258
6631	6259
6632	6260
6633	6261
6634	6262
6635	6263
6636	6264
6637	6265
6638	6266
6639	6267
664	6268
6640	6269
6641	6270
6642	6271
6643	6272
6644	6273
6645	6274
6646	6275
6647	6276
6648	6277
6649	6278
665	6279
6650	6280
6651	6281
6652	6282
6653	6283
6654	6284
6655	6285
6656	6286
6657	6287
6658	6288
6659	6289
666	6290
6660	6291
6661	6292
6662	6293
6663	6294
6664	6295
6665	6296
6666	6297
6667	6298
6668	6299
6669	6300
667	6301
6670	6302
6671	6303
6672	6304
6673	6305
6674	6306
6675	6307
6676	6308
6677	6309
6678	6310
6679	6311
668	6312
6680	6313
6681	6314
6682	6315
6683	6316
6684	6317
6685	6318
6686	6319
6687	6320
6688	6321
6689	6322
669	6323
6690	6324
6691	6325
6692	6326
6693	6327
6694	6328
6695	6329
6696	6330
6697	6331
6698	6332
6699	6333
67	6334
670	6335
6700	6336
6701	6337
6702	6338
6703	6339
6704	6340
6705	6341
6706	6342
6707	6343
6708	6344
6709	6345
671	6346
6710	6347
6711	6348
6712	6349
6713	6350
6714	6351
6715	6352
6716	6353
6717	6354
6718	6355
6719	6356
672	6357
6720	6358
6721	6359
6722	6360
6723	6361
6724	6362
6725	6363
6726	6364
6727	6365
6728	6366
6729	6367
673	6368
6730	6369
6731	6370
6732	6371
6733	6372
6734	6373
6735	6374
6736	6375
6737	6376
6738	6377
6739	6378
674	6379
6740	6380
6741	6381
6742	6382
6743	6383
6744	6384
6745	6385
6746	6386
6747	6387
6748	6388
6749	6389
675	6390
6750	6391
6751	6392
6752	6393
6753	6394
6754	6395
6755	6396
6756	6397
6757	6398
6758	6399
6759	6400
676	6401
6760	6402
6761	6403
6762	6404
6763	6405
6764	6406
6765	6407
6766	6408
6767	6409
6768	6410
6769	6411
677	6412
6770	6413
6771	6414
6772	6415
6773	6416
6774	6417
6775	6418
6776	6419
6777	6420
6778	6421
6779	6422
678	6423
6780	6424
6781	6425
6782	6426
6783	6427
6784	6428
6785	6429
6786	6430
6787	6431
6788	6432
6789	6433
679	6434
6790	6435
6791	6436
6792	6437
6793	6438
6794	6439
6795	6440
6796	6441
6797	6442
6798	6443
6799	6444
68	6445
680	6446
6800	6447
6801	6448
6802	6449
6803	6450
6804	6451
6805	6452
6806	6453
6807	6454
6808	6455
6809	6456
681	6457
6810	6458
6811	6459
6812	6460
6813	6461
6814	6462
6815	6463
6816	6464
6817	6465
6818	6466
6819	6467
682	6468
6820	6469
6821	6470
6822	6471
6823	6472
6824	6473
6825	6474
6826	6475
6827	6476
6828	6477
6829	6478
683	6479
6830	6480
6831	6481
6832	6482
6833	6483
6834	6484
6835	6485
6836	6486
6837	6487
6838	6488
6839	6489
684	6490
6840	6491
6841	6492
6842	6493
6843	6494
6844	6495
6845	6496
6846	6497
6847	6498
6848	6499
6849	6500
685	6501
6850	6502
6851	6503
6852	6504
6853	6505
6854	6506
6855	6507
6856	6508
6857	6509
6858	6510
6859	6511
686	6512
6860	6513
6861	6514
6862	6515
6863	6516
6864	6517
6865	6518
6866	6519
6867	6520
6868	6521
6869	6522
687	6523
6870	6524
6871	6525
6872	6526
6873	6527
6874	6528
6875	6529
6876	6530
6877	6531
6878	6532
6879	6533
688	6534
6880	6535
6881	6536
6882	6537
6883	6538
6884	6539
6885	6540
6886	6541
6887	6542
6888	6543
6889	6544
689	6545
6890	6546
6891	6547
6892	6548
6893	6549
6894	6550
6895	6551
6896	6552
6897	6553
6898	6554
6899	6555
69	6556
690	6557
6900	6558
6901	6559
6902	6560
6903	6561
6904	6562
6905	6563
6906	6564
6907	6565
6908	6566
6909	6567
691	6568
6910	6569
6911	6570
6912	6571
6913	6572
6914	6573
6915	6574
6916	6575
6917	6576
6918	6577
6919	6578
692	6579
6920	6580
6921	6581
6922	6582
6923	6583
6924	6584
6925	6585
6926	6586
6927	6587
6928	6588
6929	6589
693	6590
6930	6591
6931	6592
6932	6593
6933	6594
6934	6595
6935	6596
6936	6597
6937	6598
6938	6599
6939	6600
694	6601
6940	6602
6941	6603
6942	6604
6943	6605
6944	6606
6945	6607
6946	6608
6947	6609
6948	6610
6949	6611
695	6612
6950	6613
6951	6614
6952	6615
6953	6616
6954	6617
6955	6618
6956	6619
6957	6620
6958	6621
6959	6622
696	6623
6960	6624
6961	6625
6962	6626
6963	6627
6964	6628
6965	6629
6966	6630
6967	6631
6968	6632
6969	6633
697	6634
6970	6635
6971	6636
6972	6637
6973	6638
6974	6639
6975	6640
6976	6641
6977	6642
6978	6643
6979	6644
698	6645
6980	6646
6981	6647
6982	6648
6983	6649
6984	6650
6985	6651
6986	6652
6987	6653
6988	6654
6989	6655
699	6656
6990	6657
6991	6658
6992	6659
6993	6660
6994	6661
6995	6662
6996	6663
6997	6664
6998	6665
6999	6666
7	6667
70	6668
700	6669
7000	6670
7001	6671
7002	6672
7003	6673
7004	6674
7005	6675
7006	6676
7007	6677
7008	6678
7009	6679
701	6680
7010	6681
7011	6682
7012	6683
7013	6684
7014	6685
7015	6686
7016	6687
7017	6688
7018	6689
7019	6690
702	6691
7020	6692
7021	6693
7022	6694
7023	6695
7024	6696
7025	6697
7026	6698
7027	6699
7028	6700
7029	6701
703	6702
7030	6703
7031	6704
7032	6705
7033	6706
7034	6707
7035	6708
7036	6709
7037	6710
7038	6711
7039	6712
704	6713
7040	6714
7041	6715
7042	6716
7043	6717
7044	6718
7045	6719
7046	6720
7047	6721
7048	6722
7049	6723
705	6724
7050	6725
7051	6726
7052	6727
7053	6728
7054	6729
7055	6730
7056	6731
7057	6732
7058	6733
7059	6734
706	6735
7060	6736
7061	6737
7062	6738
7063	6739
7064	6740
7065	6741
7066	6742
7067	6743
7068	6744
7069	6745
707	6746
7070	6747
7071	6748
7072	6749
7073	6750
7074	6751
7075	6752
7076	6753
7077	6754
7078	6755
7079	6756
708	6757
7080	6758
7081	6759
7082	6760
7083	6761
7084	6762
7085	6763
7086	6764
7087	6765
7088	6766
7089	6767
709	6768
7090	6769
7091	6770
7092	6771
7093	6772
7094	6773
7095	6774
7096	6775
7097	6776
7098	6777
7099	6778
71	6779
710	6780
7100	6781
7101	6782
7102	6783
7103	6784
7104	6785
7105	6786
7106	6787
7107	6788
7108	6789
7109	6790
711	6791
7110	6792
7111	6793
7112	6794
7113	6795
7114	6796
7115	6797
7116	6798
7117	6799
7118	6800
7119	6801
712	6802
7120	6803
7121	6804
7122	6805
7123	6806
7124	6807
7125	6808
7126	6809
7127	6810
713	6811
714	6812
715	6813
716	6814
717	6815
718	6816
719	6817
72	6818
720	6819
721	6820
722	6821
723	6822
724	6823
725	6824
726	6825
727	6826
728	6827
729	6828
73	6829
730	6830
731	6831
732	6832
733	6833
734	6834
735	6835
736	6836
737	6837
738	6838
739	6839
74	6840
740	6841
741	6842
742	6843
743	6844
744	6845
745	6846
746	6847
747	6848
748	6849
749	6850
75	6851
750	6852
751	6853
752	6854
753	6855
754	6856
755	6857
756	6858
757	6859
758	6860
759	6861
76	6862
760	6863
761	6864
762	6865
763	6866
764	6867
765	6868
766	6869
767	6870
768	6871
769	6872
77	6873
770	6874
771	6875
772	6876
773	6877
774	6878
775	6879
776	6880
777	6881
778	6882
779	6883
78	6884
780	6885
781	6886
782	6887
783	6888
784	6889
785	6890
786	6891
787	6892
788	6893
789	6894
79	6895
790	6896
791	6897
792	6898
793	6899
794	6900
795	6901
796	6902
797	6903
798	6904
799	6905
8	6906
80	6907
800	6908
801	6909
802	6910
803	6911
804	6912
805	6913
806	6914
807	6915
808	6916
809	6917
81	6918
810	6919
811	6920
812	6921
813	6922
814	6923
815	6924
816	6925
817	6926
818	6927
819	6928
82	6929
820	6930
821	6931
822	6932
823	6933
824	6934
825	6935
826	6936
827	6937
828	6938
829	6939
83	6940
830	6941
831	6942
832	6943
833	6944
834	6945
835	6946
836	6947
837	6948
838	6949
839	6950
84	6951
840	6952
841	6953
842	6954
843	6955
844	6956
845	6957
846	6958
847	6959
848	6960
849	6961
85	6962
850	6963
851	6964
852	6965
853	6966
854	6967
855	6968
856	6969
857	6970
858	6971
859	6972
86	6973
860	6974
861	6975
862	6976
863	6977
864	6978
865	6979
866	6980
867	6981
868	6982
869	6983
87	6984
870	6985
871	6986
872	6987
873	6988
874	6989
875	6990
876	6991
877	6992
878	6993
879	6994
88	6995
880	6996
881	6997
882	6998
883	6999
884	7000
885	7001
886	7002
887	7003
888	7004
889	7005
89	7006
890	7007
891	7008
892	7009
893	7010
894	7011
895	7012
896	7013
897	7014
898	7015
899	7016
9	7017
90	7018
900	7019
901	7020
902	7021
903	7022
904	7023
905	7024
906	7025
907	7026
908	7027
909	7028
91	7029
910	7030
911	7031
912	7032
913	7033
914	7034
915	7035
916	7036
917	7037
918	7038
919	7039
92	7040
920	7041
921	7042
922	7043
923	7044
924	7045
925	7046
926	7047
927	7048
928	7049
929	7050
93	7051
930	7052
931	7053
932	7054
933	7055
934	7056
935	7057
936	7058
937	7059
938	7060
939	7061
94	7062
940	7063
941	7064
942	7065
943	7066
944	7067
945	7068
946	7069
947	7070
948	7071
949	7072
95	7073
950	7074
951	7075
952	7076
953	7077
954	7078
955	7079
956	7080
957	7081
958	7082
959	7083
96	7084
960	7085
961	7086
962	7087
963	7088
964	7089
965	7090
966	7091
967	7092
968	7093
969	7094
97	7095
970	7096
971	7097
972	7098
973	7099
974	7100
975	7101
976	7102
977	7103
978	7104
979	7105
98	7106
980	7107
981	7108
982	7109
983	7110
984	7111
985	7112
986	7113
987	7114
988	7115
989	7116
99	7117
990	7118
991	7119
992	7120
993	7121
994	7122
995	7123
996	7124
997	7125
998	7126
999	7127
